1 -56.1505 125.533
2 -57.6385 126.334
3 -59.0481 127.061
4 -60.3191 127.721
5 -61.4244 128.341
6 -62.3716 128.948
7 -63.1979 129.559
8 -63.9508 130.171
9 -64.6672 130.757
10 -65.3593 131.28
11 -66.0076 131.703
12 -66.5673 131.997
13 -66.9832 132.151
14 -67.2069 132.174
15 -67.2146 132.09
16 -67.0165 131.934
17 -66.6551 131.739
18 -66.1929 131.535
19 -65.6926 131.342
20 -65.1995 131.171
21 -64.7313 131.028
22 -64.2794 130.916
23 -63.8165 130.84
24 -63.3096 130.803
25 -62.7328 130.804
26 -62.0755 130.836
27 -61.346 130.883
28 -60.5684 130.923
29 -59.7787 130.934
30 -59.0222 130.906
31 -58.3459 130.843
32 -57.7914 130.76
33 -57.3836 130.68
34 -57.1213 130.62
35 -56.977 130.583
36 -56.9029 130.556
37 -56.8484 130.514
38 -56.7771 130.427
39 -56.6813 130.273
40 -56.5852 130.051
41 -56.5364 129.787
42 -56.5873 129.526
43 -56.7727 129.325
44 -57.0935 129.228
45 -57.5121 129.259
46 -57.9632 129.411
47 -58.3757 129.643
48 -58.6906 129.9
49 -58.8747 130.124
50 -58.9254 130.276
51 -58.8676 130.35
52 -58.7483 130.378
53 -58.6257 130.415
54 -58.5538 130.525
55 -58.5653 130.752
56 -58.6582 131.104
57 -58.7919 131.543
58 -58.8975 132.001
59 -58.895 132.392
60 -58.7192 132.647
61 -58.3391 132.735
62 -57.769 132.668
63 -57.0715 132.5
64 -56.3433 132.308
65 -55.6847 132.164
66 -55.1674 132.11
67 -54.8109 132.146
68 -54.5804 132.231
69 -54.4053 132.301
70 -54.211 132.295
71 -53.9483 132.176
72 -53.6112 131.947
73 -53.2416 131.651
74 -52.9188 131.363
75 -52.7369 131.163
76 -52.7755 131.118
77 -53.0737 131.259
78 -53.6164 131.572
79 -54.3389 132.005
80 -55.1463 132.485
81 -55.9363 132.942
82 -56.6195 133.33
83 -57.1319 133.635
84 -57.4435 133.879
85 -57.5602 134.1
86 -57.5206 134.341
87 -57.3822 134.632
88 -57.2023 134.974
89 -57.0193 135.347
90 -56.8413 135.713
91 -56.6492 136.033
92 -56.4097 136.278
93 -56.0938 136.443
94 -55.6943 136.543
95 -55.2358 136.609
96 -54.7726 136.676
97 -54.3777 136.773
98 -54.122 136.916
99 -54.0551 137.111
100 -54.1933 137.352
101 -54.521 137.626
102 -54.9988 137.917
103 -55.5748 138.214
104 -56.1939 138.502
105 -56.8047 138.769
106 -57.3651 139.004
107 -57.8479 139.19
108 -58.242 139.315
109 -58.5506 139.369
110 -58.7872 139.351
111 -58.9649 139.271
112 -59.0852 139.146
113 -59.1271 138.993
114 -59.0445 138.826
115 -58.7727 138.647
116 -58.2439 138.444
117 -57.4061 138.19
118 -56.2361 137.856
119 -54.7443 137.421
120 -52.9787 136.884
121 -51.0135 136.276
122 -48.9338 135.648
123 -46.8235 135.061
124 -44.7478 134.564
125 -42.7363 134.175
126 -40.7892 133.878
127 -38.8907 133.629
128 -37.0235 133.378
129 -35.1891 133.083
130 -33.4274 132.737
131 -31.8215 132.364
132 -30.4889 132.017
133 -29.5617 131.757
134 -29.1526 131.633
135 -29.3165 131.664
136 -30.0292 131.838
137 -31.1876 132.109
138 -32.6352 132.418
139 -34.2026 132.701
140 -35.7468 132.911
141 -37.175 133.029
142 -38.4506 133.069
143 -39.5826 133.073
144 -40.604 133.095
145 -41.5459 133.184
146 -42.4142 133.363
147 -43.1785 133.618
148 -43.7797 133.909
149 -44.1476 134.178
150 -44.2237 134.379
151 -43.9823 134.491
152 -43.4463 134.531
153 -42.6908 134.554
154 -41.833 134.633
155 -41.0083 134.841
156 -40.3371 135.229
157 -39.8937 135.808
158 -39.6892 136.551
159 -39.6774 137.403
160 -39.7794 138.3
161 -39.9143 139.182
162 -40.0267 140.019
163 -40.0997 140.806
164 -40.1545 141.56
165 -40.2343 142.307
166 -40.3813 143.065
167 -40.6145 143.829
168 -40.9217 144.566
169 -41.2616 145.227
170 -41.5792 145.756
171 -41.8225 146.108
172 -41.9568 146.262
173 -41.9713 146.222
174 -41.8832 146.015
175 -41.7339 145.682
176 -41.5846 145.268
177 -41.5045 144.816
178 -41.5566 144.358
179 -41.7841 143.918
180 -42.2014 143.512
181 -42.7898 143.144
182 -43.5017 142.815
183 -44.2696 142.521
184 -45.0208 142.262
185 -45.695 142.038
186 -46.2586 141.853
187 -46.7113 141.716
188 -47.0838 141.637
189 -47.4237 141.63
190 -47.7764 141.71
191 -48.171 141.893
192 -48.6136 142.192
193 -49.0814 142.608
194 -49.5275 143.133
195 -49.894 143.743
196 -50.1253 144.402
197 -50.1852 145.065
198 -50.069 145.691
199 -49.8063 146.254
200 -49.4564 146.751
201 -49.0956 147.205
202 -48.7992 147.653
203 -48.6234 148.135
204 -48.5896 148.677
205 -48.6802 149.279
206 -48.8459 149.914
207 -49.0257 150.532
208 -49.1682 151.078
209 -49.2495 151.506
210 -49.2813 151.792
211 -49.309 151.945
212 -49.3986 152.001
213 -49.6164 152.014
214 -50.0037 152.04
215 -50.5581 152.116
216 -51.2263 152.253
217 -51.9151 152.428
218 -52.5149 152.592
219 -52.9273 152.692
220 -53.0901 152.682
221 -52.9871 152.551
222 -52.6469 152.322
223 -52.1345 152.051
224 -51.534 151.81
225 -50.9249 151.659
226 -50.362 151.629
227 -49.8621 151.711
228 -49.4057 151.857
229 -48.9512 152.006
230 -48.4553 152.099
231 -47.8959 152.106
232 -47.288 152.029
233 -46.6909 151.904
234 -46.1995 151.788
235 -45.9188 151.736
236 -45.9327 151.788
237 -46.2752 151.955
238 -46.9183 152.213
239 -47.7806 152.515
240 -48.7522 152.803
241 -49.7255 153.026
242 -50.6182 153.159
243 -51.3899 153.203
244 -52.0419 153.191
245 -52.6027 153.173
246 -53.1142 153.193
247 -53.6128 153.282
248 -54.1145 153.439
249 -54.6072 153.635
250 -55.0549 153.827
251 -55.4055 153.971
252 -55.6031 154.037
253 -55.5996 154.021
254 -55.3685 153.941
255 -54.9122 153.826
256 -54.269 153.71
257 -53.5086 153.613
258 -52.7168 153.547
259 -51.972 153.511
260 -51.324 153.496
261 -50.784 153.489
262 -50.3279 153.474
263 -49.9088 153.437
264 -49.4752 153.362
265 -48.992 153.236
266 -48.4514 153.05
267 -47.8775 152.797
268 -47.3176 152.476
269 -46.8286 152.095
270 -46.4656 151.67
271 -46.2674 151.22
272 -46.2493 150.768
273 -46.399 150.33
274 -46.6785 149.918
275 -47.0328 149.53
276 -47.4031 149.164
277 -47.7423 148.811
278 -48.0273 148.463
279 -48.263 148.119
280 -48.4772 147.791
281 -48.7091 147.503
282 -48.9935 147.287
283 -49.345 147.174
284 -49.7474 147.185
285 -50.155 147.32
286 -50.5033 147.553
287 -50.7276 147.839
288 -50.7823 148.123
289 -50.6548 148.355
290 -50.3691 148.509
291 -49.9835 148.588
292 -49.5785 148.625
293 -49.2398 148.672
294 -49.0341 148.774
295 -48.9892 148.958
296 -49.0862 149.212
297 -49.2668 149.496
298 -49.452 149.748
299 -49.5656 149.904
300 -49.5551 149.919
301 -49.4033 149.777
302 -49.1308 149.499
303 -48.7895 149.132
304 -48.4469 148.737
305 -48.1633 148.363
306 -47.9688 148.035
307 -47.8497 147.74
308 -47.7491 147.435
309 -47.5841 147.062
310 -47.2716 146.565
311 -46.7552 145.917
312 -46.0228 145.124
313 -45.1133 144.233
314 -44.1076 143.317
315 -43.1079 142.456
316 -42.209 141.715
317 -41.4664 141.125
318 -40.8808 140.677
319 -40.4014 140.326
320 -39.9455 140.01
321 -39.4271 139.666
322 -38.7797 139.255
323 -37.9728 138.769
324 -37.016 138.229
325 -35.9563 137.681
326 -34.8646 137.175
327 -33.8209 136.752
328 -32.8846 136.43
329 -32.0792 136.194
330 -31.3969 136.009
331 -30.8039 135.826
332 -30.258 135.598
333 -29.7275 135.296
334 -29.2072 134.909
335 -28.7236 134.445
336 -28.3299 133.926
337 -28.0889 133.374
338 -28.0529 132.809
339 -28.2441 132.244
340 -28.6464 131.679
341 -29.2086 131.108
342 -29.8602 130.517
343 -30.5271 129.896
344 -31.1474 129.239
345 -31.6836 128.551
346 -32.1255 127.84
347 -32.4868 127.124
348 -32.8001 126.424
349 -33.1099 125.763
350 -33.4629 125.169
351 -33.9008 124.665
352 -34.4536 124.27
353 -35.1315 123.994
354 -35.921 123.836
355 -36.7879 123.781
356 -37.6841 123.809
357 -38.5607 123.899
358 -39.3833 124.032
359 -40.1418 124.201
360 -40.851 124.414
361 -41.541 124.693
362 -42.2393 125.065
363 -42.9566 125.557
364 -43.6765 126.183
365 -44.3553 126.94
366 -44.9356 127.802
367 -45.3673 128.73
368 -45.6212 129.677
369 -45.6993 130.597
370 -45.6385 131.464
371 -45.5046 132.274
372 -45.3813 133.047
373 -45.3557 133.813
374 -45.4995 134.596
375 -45.8508 135.404
376 -46.4041 136.22
377 -47.1142 137.003
378 -47.911 137.7
379 -48.722 138.26
380 -49.4934 138.651
381 -50.2035 138.87
382 -50.8655 138.949
383 -51.5196 138.947
384 -52.2158 138.937
385 -52.9938 138.984
386 -53.864 139.126
387 -54.7989 139.36
388 -55.7361 139.646
389 -56.5947 139.92
390 -57.2986 140.115
391 -57.7965 140.19
392 -58.0739 140.141
393 -58.1565 140.001
394 -58.1027 139.832
395 -57.9857 139.696
396 -57.8727 139.641
397 -57.807 139.68
398 -57.797 139.794
399 -57.8202 139.937
400 -57.8374 140.061
401 -57.8093 140.129
402 -57.7129 140.128
403 -57.5479 140.071
404 -57.3401 139.997
405 -57.1362 139.953
406 -56.9933 139.987
407 -56.9651 140.13
408 -57.0874 140.394
409 -57.3668 140.763
410 -57.778 141.207
411 -58.2692 141.686
412 -58.775 142.165
413 -59.229 142.624
414 -59.5783 143.058
415 -59.7971 143.48
416 -59.8889 143.907
417 -59.8811 144.351
418 -59.811 144.807
419 -59.7092 145.254
420 -59.5874 145.661
421 -59.4348 145.993
422 -59.2248 146.222
423 -58.9263 146.338
424 -58.5177 146.347
425 -57.9973 146.269
426 -57.3894 146.131
427 -56.7426 145.955
428 -56.1223 145.76
429 -55.5983 145.555
430 -55.2311 145.347
431 -55.0622 145.14
432 -55.1088 144.941
433 -55.3632 144.759
434 -55.7953 144.604
435 -56.3596 144.483
436 -57.004 144.394
437 -57.6805 144.33
438 -58.3514 144.273
439 -58.9928 144.21
440 -59.5935 144.128
441 -60.1498 144.024
442 -60.6553 143.908
443 -61.0973 143.79
444 -61.4515 143.684
445 -61.6817 143.593
446 -61.7488 143.509
447 -61.6221 143.415
448 -61.2911 143.288
449 -60.773 143.116
450 -60.115 142.903
451 -59.3887 142.678
452 -58.6777 142.486
453 -58.0588 142.377
454 -57.5832 142.392
455 -57.2708 142.543
456 -57.1085 142.816
457 -57.0616 143.167
458 -57.0899 143.54
459 -57.1617 143.88
460 -57.2626 144.147
461 -57.3948 144.327
462 -57.573 144.429
463 -57.8111 144.483
464 -58.1143 144.525
465 -58.4694 144.586
466 -58.8437 144.678
467 -59.1897 144.786
468 -59.4555 144.876
469 -59.5944 144.902
470 -59.5724 144.821
471 -59.3747 144.611
472 -59.0115 144.281
473 -58.5183 143.871
474 -57.9517 143.439
475 -57.3776 143.045
476 -56.8526 142.73
477 -56.4041 142.501
478 -56.021 142.328
479 -55.6578 142.156
480 -55.2527 141.922
481 -54.7514 141.58
482 -54.1269 141.109
483 -53.3912 140.526
484 -52.5927 139.877
485 -51.8008 139.222
486 -51.0856 138.618
487 -50.4973 138.105
488 -50.0526 137.695
489 -49.7367 137.378
490 -49.516 137.133
491 -49.3525 136.943
492 -49.2143 136.803
493 -49.0801 136.723
494 -48.9408 136.725
495 -48.8011 136.834
496 -48.6804 137.066
497 -48.6099 137.425
498 -48.6227 137.897
499 -48.739 138.452
500 -48.9536 139.053
501 -49.2329 139.662
502 -49.5224 140.244
503 -49.7643 140.782
504 -49.9141 141.274
505 -49.9543 141.73
506 -49.8971 142.166
507 -49.7772 142.593
508 -49.6365 143.011
509 -49.509 143.411
510 -49.4124 143.77
511 -49.3484 144.071
512 -49.3105 144.301
513 -49.2931 144.465
514 -49.2971 144.577
515 -49.3294 144.657
516 -49.3989 144.72
517 -49.5118 144.774
518 -49.6706 144.814
519 -49.8759 144.828
520 -50.1314 144.81
521 -50.4449 144.76
522 -50.8259 144.69
523 -51.2778 144.617
524 -51.791 144.559
525 -52.3402 144.521
526 -52.8889 144.498
527 -53.4 144.47
528 -53.8466 144.416
529 -54.2189 144.321
530 -54.526 144.185
531 -54.7896 144.028
532 -55.0329 143.884
533 -55.2685 143.794
534 -55.4911 143.796
535 -55.6757 143.908
536 -55.7852 144.131
537 -55.7833 144.443
538 -55.6468 144.806
539 -55.3737 145.178
540 -54.9847 145.528
541 -54.521 145.842
542 -54.0377 146.132
543 -53.5949 146.426
544 -53.2466 146.756
545 -53.0315 147.142
546 -52.9648 147.58
547 -53.0361 148.031
548 -53.2169 148.436
549 -53.4722 148.73
550 -53.775 148.859
551 -54.1177 148.797
552 -54.5177 148.558
553 -55.0128 148.184
554 -55.6465 147.736
555 -56.4482 147.268
556 -57.4121 146.814
557 -58.487 146.376
558 -59.5854 145.924
559 -60.6042 145.411
560 -61.4458 144.79
561 -62.0401 144.033
562 -62.3553 143.142
563 -62.3967 142.152
564 -62.2017 141.126
565 -61.8319 140.135
566 -61.3567 139.244
567 -60.839 138.488
568 -60.3221 137.873
569 -59.824 137.377
570 -59.3405 136.959
571 -58.8539 136.583
572 -58.3462 136.228
573 -57.8089 135.9
574 -57.2502 135.624
575 -56.6988 135.437
576 -56.1967 135.374
577 -55.7845 135.449
578 -55.4866 135.651
579 -55.2967 135.939
580 -55.174 136.256
581 -55.0537 136.539
582 -54.864 136.737
583 -54.5453 136.822
584 -54.0643 136.793
585 -53.4193 136.669
586 -52.6381 136.477
587 -51.7697 136.244
588 -50.8743 135.988
589 -50.0126 135.718
590 -49.2379 135.434
591 -48.5922 135.137
592 -48.1051 134.832
593 -47.7963 134.528
594 -47.6754 134.24
595 -47.745 133.98
596 -48.0014 133.754
597 -48.4395 133.559
598 -49.0534 133.389
599 -49.8374 133.232
600 -50.7854 133.082
601 -51.8869 132.937
602 -53.1193 132.801
603 -54.4453 132.682
604 -55.8117 132.59
605 -57.1482 132.528
606 -58.3785 132.49
607 -59.4307 132.461
608 -60.2503 132.422
609 -60.8074 132.351
610 -61.0971 132.237
611 -61.1399 132.085
612 -60.9761 131.922
613 -60.6578 131.786
614 -60.2382 131.72
615 -59.7619 131.756
616 -59.257 131.897
617 -58.7369 132.12
618 -58.2017 132.377
619 -57.6472 132.614
620 -57.0772 132.783
621 -56.5085 132.86
622 -55.9727 132.845
623 -55.5126 132.759
624 -55.1714 132.632
625 -54.9812 132.487
626 -54.9507 132.329
627 -55.0624 132.143
628 -55.2775 131.898
629 -55.5506 131.561
630 -55.842 131.109
631 -56.1266 130.543
632 -56.3944 129.89
633 -56.6443 129.198
634 -56.8743 128.523
635 -57.0774 127.915
636 -57.2397 127.402
637 -57.3454 126.988
638 -57.3803 126.648
639 -57.3353 126.348
640 -57.2087 126.049
641 -57.0079 125.725
642 -56.7494 125.373
643 -56.4586 125.012
644 -56.1659 124.676
645 -55.9008 124.403
646 -55.6847 124.219
647 -55.5255 124.127
648 -55.4177 124.108
649 -55.3459 124.125
650 -55.2942 124.142
651 -55.2548 124.136
652 -55.2333 124.109
653 -55.2469 124.089
654 -55.3177 124.122
655 -55.4606 124.246
656 -55.6742 124.477
657 -55.9371 124.794
658 -56.2127 125.146
659 -56.4582 125.463
660 -56.6365 125.682
661 -56.7252 125.761
662 -56.7201 125.692
663 -56.6351 125.491
664 -56.4956 125.19
665 -56.3331 124.82
666 -56.1758 124.399
667 -56.043 123.926
668 -55.9405 123.386
669 -55.86 122.759
670 -55.7818 122.031
671 -55.6811 121.202
672 -55.5356 120.299
673 -55.33 119.364
674 -55.0603 118.455
675 -54.7348 117.642
676 -54.3705 116.987
677 -53.9865 116.534
678 -53.5934 116.293
679 -53.1883 116.244
680 -52.7571 116.345
681 -52.2835 116.553
682 -51.7609 116.839
683 -51.2042 117.202
684 -50.652 117.661
685 -50.1586 118.249
686 -49.7818 118.99
687 -49.568 119.884
688 -49.5423 120.903
689 -49.7071 121.992
690 -50.0463 123.085
691 -50.5338 124.125
692 -51.1408 125.073
693 -51.8393 125.915
694 -52.6006 126.651
695 -53.3957 127.288
696 -54.1964 127.825
697 -54.9788 128.255
698 -55.7278 128.565
699 -56.4361 128.745
700 -57.0986 128.791
701 -57.7073 128.714
702 -58.2469 128.533
703 -58.695 128.268
704 -59.0266 127.94
705 -59.2252 127.563
706 -59.2891 127.141
707 -59.2331 126.674
708 -59.0836 126.163
709 -58.8695 125.615
710 -58.6135 125.045
711 -58.3283 124.477
712 -58.0157 123.942
713 -57.6704 123.474
714 -57.2815 123.107
715 -56.835 122.868
716 -56.3163 122.769
717 -55.7136 122.804
718 -55.0201 122.954
719 -54.2378 123.194
720 -53.3818 123.503
721 -52.4804 123.876
722 -51.5727 124.325
723 -50.702 124.877
724 -49.9074 125.557
725 -49.2178 126.374
726 -48.6467 127.309
727 -48.1936 128.315
728 -47.8504 129.325
729 -47.609 130.264
730 -47.4669 131.077
731 -47.4285 131.735
732 -47.5022 132.238
733 -47.6917 132.607
734 -47.9879 132.866
735 -48.3641 133.034
736 -48.7775 133.109
737 -49.1767 133.074
738 -49.5096 132.903
739 -49.7329 132.572
740 -49.8187 132.073
741 -49.7554 131.421
742 -49.5442 130.652
743 -49.196 129.821
744 -48.7289 128.988
745 -48.1627 128.208
746 -47.5166 127.518
747 -46.8062 126.937
748 -46.036 126.467
749 -45.199 126.093
750 -44.2849 125.804
751 -43.2908 125.594
752 -42.2348 125.47
753 -41.1584 125.454
754 -40.1199 125.57
755 -39.1787 125.832
756 -38.3712 126.234
757 -37.6974 126.739
758 -37.1208 127.29
759 -36.5868 127.826
760 -36.0479 128.294
761 -35.4846 128.671
762 -34.9147 128.967
763 -34.3895 129.217
764 -33.9762 129.465
765 -33.7345 129.747
766 -33.6982 130.076
767 -33.8681 130.435
768 -34.2167 130.791
769 -34.7013 131.099
770 -35.2786 131.326
771 -35.912 131.458
772 -36.5736 131.501
773 -37.2412 131.475
774 -37.8966 131.405
775 -38.5249 131.313
776 -39.1147 131.202
777 -39.6565 131.064
778 -40.1388 130.877
779 -40.5431 130.612
780 -40.8452 130.25
781 -41.0165 129.779
782 -41.0315 129.207
783 -40.8755 128.561
784 -40.5515 127.881
785 -40.0831 127.211
786 -39.5114 126.589
787 -38.8839 126.042
788 -38.2461 125.584
789 -37.6319 125.22
790 -37.061 124.945
791 -36.5457 124.757
792 -36.1 124.662
793 -35.7442 124.667
794 -35.5036 124.78
795 -35.3988 125
796 -35.4358 125.316
797 -35.6035 125.704
798 -35.8793 126.133
799 -36.2432 126.58
800 -36.6912 127.034
801 -37.2366 127.504
802 -37.9035 128.008
803 -38.7094 128.572
804 -39.6507 129.206
805 -40.6966 129.904
806 -41.7969 130.637
807 -42.9018 131.364
808 -43.976 132.04
809 -45.0096 132.629
810 -46.0201 133.117
811 -47.0364 133.511
812 -48.0806 133.836
813 -49.1508 134.12
814 -50.2146 134.388
815 -51.214 134.645
816 -52.0799 134.876
817 -52.7494 135.05
818 -53.1782 135.123
819 -53.3458 135.058
820 -53.2552 134.836
821 -52.9326 134.467
822 -52.4286 133.991
823 -51.8153 133.471
824 -51.1772 132.976
825 -50.5973 132.562
826 -50.14 132.256
827 -49.8398 132.053
828 -49.6994 131.923
829 -49.7033 131.826
830 -49.8351 131.739
831 -50.0958 131.662
832 -50.5112 131.626
833 -51.1289 131.682
834 -51.9981 131.886
835 -53.1448 132.279
836 -54.5481 132.869
837 -56.1349 133.627
838 -57.7939 134.494
839 -59.4018 135.397
840 -60.848 136.268
841 -62.05 137.062
842 -62.9589 137.762
843 -63.5537 138.38
844 -63.8374 138.938
845 -63.838 139.459
846 -63.6044 139.956
847 -63.1983 140.421
848 -62.6828 140.835
849 -62.1093 141.172
850 -61.5106 141.409
851 -60.9009 141.536
852 -60.2819 141.559
853 -59.6545 141.504
854 -59.029 141.403
855 -58.4305 141.293
856 -57.8956 141.203
857 -57.4627 141.149
858 -57.1575 141.128
859 -56.9855 141.128
860 -56.9337 141.129
861 -56.9795 141.117
862 -57.1021 141.088
863 -57.2905 141.052
864 -57.5445 141.025
865 -57.8712 141.022
866 -58.2786 141.051
867 -58.7731 141.107
868 -59.3583 141.179
869 -60.0369 141.257
870 -60.8118 141.336
871 -61.6833 141.426
872 -62.6432 141.544
873 -63.6669 141.704
874 -64.7081 141.913
875 -65.7034 142.162
876 -66.5823 142.422
877 -67.2792 142.658
878 -67.7506 142.83
879 -67.9801 142.912
880 -67.9714 142.896
881 -67.7427 142.795
882 -67.3154 142.634
883 -66.708 142.441
884 -65.934 142.24
885 -65.0018 142.035
886 -63.9213 141.818
887 -62.7142 141.572
888 -61.416 141.285
889 -60.0789 140.955
890 -58.7763 140.605
891 -57.594 140.27
892 -56.6172 139.999
893 -55.9204 139.832
894 -55.5543 139.796
895 -55.5321 139.893
896 -55.8288 140.097
897 -56.3893 140.363
898 -57.1417 140.639
899 -58.0148 140.874
900 -58.9574 141.038
901 -59.9442 141.127
902 -60.9724 141.165
903 -62.0547 141.19
904 -63.2038 141.242
905 -64.4157 141.343
906 -65.6655 141.487
907 -66.913 141.643
908 -68.1141 141.765
909 -69.2325 141.812
910 -70.246 141.766
911 -71.1481 141.631
912 -71.9454 141.44
913 -72.6508 141.236
914 -73.2767 141.06
915 -73.8301 140.939
916 -74.3063 140.874
917 -74.6867 140.845
918 -74.9363 140.814
919 -75.0067 140.738
920 -74.8446 140.582
921 -74.4012 140.324
922 -73.6428 139.965
923 -72.5594 139.526
924 -71.1701 139.044
925 -69.5253 138.562
926 -67.6989 138.122
927 -65.7789 137.754
928 -63.851 137.475
929 -61.992 137.287
930 -60.2679 137.183
931 -58.7365 137.158
932 -57.4491 137.208
933 -56.4551 137.333
934 -55.8019 137.537
935 -55.529 137.821
936 -55.6599 138.184
937 -56.1956 138.62
938 -57.1084 139.122
939 -58.3395 139.675
940 -59.8019 140.261
941 -61.3871 140.857
942 -62.977 141.43
943 -64.4621 141.945
944 -65.7536 142.367
945 -66.7885 142.664
946 -67.5322 142.812
947 -67.9738 142.802
948 -68.119 142.636
949 -67.9805 142.335
950 -67.5716 141.931
951 -66.9017 141.467
952 -65.9762 140.983
953 -64.801 140.512
954 -63.3894 140.067
955 -61.7701 139.646
956 -59.9883 139.23
957 -58.1037 138.802
958 -56.1836 138.35
959 -54.2952 137.876
960 -52.5039 137.399
961 -50.8686 136.95
962 -49.4372 136.559
963 -48.2325 136.242
964 -47.245 135.994
965 -46.4368 135.785
966 -45.7491 135.571
967 -45.1205 135.312
968 -44.5019 134.981
969 -43.8692 134.581
970 -43.2246 134.138
971 -42.5876 133.698
972 -41.9815 133.305
973 -41.4175 132.991
974 -40.8877 132.761
975 -40.3657 132.596
976 -39.8166 132.462
977 -39.2108 132.317
978 -38.5379 132.133
979 -37.8121 131.9
980 -37.0708 131.631
981 -36.365 131.357
982 -35.7465 131.114
983 -35.257 130.932
984 -34.9186 130.827
985 -34.7335 130.794
986 -34.6865 130.808
987 -34.7521 130.836
988 -34.9029 130.848
989 -35.1171 130.826
990 -35.3812 130.77
991 -35.6897 130.699
992 -36.0399 130.643
993 -36.4237 130.625
994 -36.8199 130.657
995 -37.1897 130.726
996 -37.4791 130.801
997 -37.6291 130.84
998 -37.5872 130.802
999 -37.3226 130.664
1000 -36.8379 130.424
1001 -36.174 130.11
1002 -35.4056 129.768
1003 -34.6268 129.455
1004 -33.9304 129.222
1005 -33.3843 129.107
1006 -33.0203 129.122
1007 -32.8362 129.264
1008 -32.8111 129.514
1009 -32.9242 129.856
1010 -33.1686 130.281
1011 -33.5526 130.791
1012 -34.0923 131.394
1013 -34.7945 132.094
1014 -35.6454 132.884
1015 -36.6085 133.74
1016 -37.6297 134.624
1017 -38.647 135.487
1018 -39.6028 136.281
1019 -40.4487 136.968
1020 -41.1454 137.519
1021 -41.6642 137.925
1022 -41.9869 138.186
1023 -42.1089 138.312
1024 -42.0376 138.316
1025 -41.7899 138.208
1026 -41.3852 137.991
1027 -40.8391 137.662
1028 -40.1571 137.215
1029 -39.3357 136.646
1030 -38.3717 135.96
1031 -37.274 135.179
1032 -36.0731 134.337
1033 -34.8298 133.484
1034 -33.6282 132.669
1035 -32.5541 131.934
1036 -31.6777 131.302
1037 -31.0413 130.779
1038 -30.6565 130.356
1039 -30.5112 130.019
1040 -30.5797 129.753
1041 -30.8325 129.549
1042 -31.2425 129.406
1043 -31.7873 129.327
1044 -32.4483 129.32
1045 -33.2092 129.395
1046 -34.0532 129.561
1047 -34.9606 129.822
1048 -35.9044 130.178
1049 -36.8475 130.617
1050 -37.7397 131.116
1051 -38.5206 131.642
1052 -39.1257 132.156
1053 -39.4972 132.619
1054 -39.5967 132.998
1055 -39.4129 133.271
1056 -38.9644 133.431
1057 -38.2949 133.478
1058 -37.4604 133.421
1059 -36.5179 133.275
1060 -35.5161 133.054
1061 -34.4904 132.77
1062 -33.4634 132.433
1063 -32.4509 132.05
1064 -31.4697 131.625
1065 -30.5444 131.167
1066 -29.7121 130.689
1067 -29.0238 130.215
1068 -28.5398 129.782
1069 -28.3197 129.434
1070 -28.414 129.214
1071 -28.8475 129.156
1072 -29.6079 129.268
1073 -30.6404 129.529
1074 -31.8562 129.895
1075 -33.1484 130.302
1076 -34.416 130.69
1077 -35.5821 131.012
1078 -36.6097 131.247
1079 -37.5007 131.399
1080 -38.2841 131.496
1081 -39.0021 131.579
1082 -39.6946 131.685
1083 -40.382 131.845
1084 -41.059 132.066
1085 -41.6959 132.341
1086 -42.245 132.643
1087 -42.6534 132.945
1088 -42.8745 133.222
1089 -42.8794 133.46
1090 -42.6628 133.662
1091 -42.2448 133.843
1092 -41.6651 134.028
1093 -40.9733 134.239
1094 -40.2158 134.487
1095 -39.4203 134.768
1096 -38.5925 135.058
1097 -37.7193 135.324
1098 -36.7838 135.528
1099 -35.7821 135.646
1100 -34.7394 135.673
1101 -33.7171 135.626
1102 -32.8077 135.541
1103 -32.1215 135.465
1104 -31.7642 135.44
1105 -31.8105 135.497
1106 -32.2895 135.648
1107 -33.1798 135.882
1108 -34.4157 136.174
1109 -35.9018 136.488
1110 -37.5342 136.794
1111 -39.2171 137.065
1112 -40.8711 137.289
1113 -42.4452 137.464
1114 -43.9153 137.595
1115 -45.2719 137.692
1116 -46.5123 137.76
1117 -47.6275 137.801
1118 -48.594 137.804
1119 -49.3726 137.755
1120 -49.9105 137.636
1121 -50.1529 137.43
1122 -50.0571 137.13
1123 -49.6047 136.738
1124 -48.81 136.269
1125 -47.7207 135.752
1126 -46.4083 135.222
1127 -44.9521 134.719
1128 -43.4241 134.276
1129 -41.8785 133.919
1130 -40.3452 133.66
1131 -38.8334 133.496
1132 -37.3458 133.414
1133 -35.8836 133.395
1134 -34.4566 133.42
1135 -33.0983 133.477
1136 -31.8605 133.565
1137 -30.8084 133.695
1138 -30.01 133.887
1139 -29.5235 134.159
1140 -29.383 134.524
1141 -29.5902 134.978
1142 -30.1147 135.504
1143 -30.8991 136.068
1144 -31.8748 136.631
1145 -32.9769 137.159
1146 -34.158 137.632
1147 -35.3953 138.046
1148 -36.6863 138.412
1149 -38.0388 138.752
1150 -39.4585 139.09
1151 -40.9339 139.438
1152 -42.4281 139.8
1153 -43.8814 140.164
1154 -45.221 140.506
1155 -46.3726 140.8
1156 -47.2736 141.023
1157 -47.8843 141.159
1158 -48.1956 141.207
1159 -48.2288 141.183
1160 -48.0287 141.116
1161 -47.6534 141.046
1162 -47.1608 141.011
1163 -46.5944 141.042
1164 -45.9725 141.155
1165 -45.2905 141.348
1166 -44.5255 141.6
1167 -43.6527 141.885
1168 -42.656 142.176
1169 -41.5415 142.46
1170 -40.3465 142.738
1171 -39.133 143.025
1172 -37.9752 143.342
1173 -36.9392 143.71
1174 -36.0648 144.13
1175 -35.3569 144.586
1176 -34.7849 145.036
1177 -34.2931 145.43
1178 -33.8181 145.714
1179 -33.3072 145.848
1180 -32.7337 145.812
1181 -32.1043 145.612
1182 -31.4578 145.273
1183 -30.8581 144.84
1184 -30.3776 144.361
1185 -30.0767 143.878
1186 -29.9882 143.421
1187 -30.1086 143.006
1188 -30.4002 142.631
1189 -30.8006 142.291
1190 -31.2389 141.974
1191 -31.6508 141.678
1192 -31.9936 141.406
1193 -32.251 141.169
1194 -32.4324 140.986
1195 -32.5626 140.875
1196 -32.6675 140.849
1197 -32.7585 140.912
1198 -32.8236 141.047
1199 -32.8278 141.227
1200 -32.7223 141.411
1201 -32.4593 141.559
1202 -32.0091 141.637
1203 -31.3698 141.622
1204 -30.573 141.513
1205 -29.6806 141.322
1206 -28.7735 141.074
1207 -27.9358 140.795
1208 -27.2352 140.508
1209 -26.7118 140.223
1210 -26.375 139.94
1211 -26.2071 139.652
1212 -26.175 139.349
1213 -26.2455 139.026
1214 -26.3992 138.688
1215 -26.6392 138.356
1216 -26.9924 138.063
1217 -27.5027 137.856
1218 -28.2138 137.784
1219 -29.1501 137.886
1220 -30.2995 138.181
1221 -31.6067 138.657
1222 -32.9778 139.271
1223 -34.3035 139.968
1224 -35.4845 140.691
1225 -36.4472 141.395
1226 -37.1574 142.058
1227 -37.62 142.679
1228 -37.8705 143.272
1229 -37.9605 143.856
1230 -37.9401 144.445
1231 -37.8455 145.038
1232 -37.6922 145.623
1233 -37.4779 146.178
1234 -37.1903 146.672
1235 -36.8203 147.078
1236 -36.3733 147.376
1237 -35.878 147.555
1238 -35.3908 147.62
1239 -34.9907 147.588
1240 -34.7635 147.485
1241 -34.7838 147.343
1242 -35.0964 147.184
1243 -35.7019 147.018
1244 -36.5556 146.837
1245 -37.5791 146.62
1246 -38.681 146.335
1247 -39.7783 145.962
1248 -40.8138 145.493
1249 -41.7643 144.945
1250 -42.6373 144.35
1251 -43.4599 143.754
1252 -44.2654 143.199
1253 -45.0723 142.72
1254 -45.8748 142.34
1255 -46.6432 142.058
1256 -47.3277 141.862
1257 -47.8704 141.732
1258 -48.2199 141.647
1259 -48.3445 141.591
1260 -48.2402 141.559
1261 -47.9345 141.552
1262 -47.4821 141.578
1263 -46.9535 141.646
1264 -46.4187 141.759
1265 -45.9299 141.911
1266 -45.51 142.083
1267 -45.1478 142.246
1268 -44.8086 142.363
1269 -44.4478 142.405
1270 -44.0274 142.351
1271 -43.5321 142.2
1272 -42.9764 141.968
1273 -42.4051 141.682
1274 -41.8826 141.376
1275 -41.4737 141.079
1276 -41.2257 140.812
1277 -41.1565 140.577
1278 -41.2507 140.365
1279 -41.4657 140.159
1280 -41.7444 139.933
1281 -42.0307 139.671
1282 -42.282 139.362
1283 -42.4786 139.008
1284 -42.6262 138.624
1285 -42.7514 138.234
1286 -42.8928 137.868
1287 -43.0871 137.554
1288 -43.3574 137.312
1289 -43.7043 137.148
1290 -44.1054 137.055
1291 -44.5209 137.022
1292 -44.9069 137.031
1293 -45.2286 137.076
1294 -45.4717 137.158
1295 -45.647 137.289
1296 -45.7886 137.491
1297 -45.9443 137.786
1298 -46.1632 138.193
1299 -46.4825 138.718
1300 -46.9161 139.351
1301 -47.4521 140.063
1302 -48.057 140.813
1303 -48.6829 141.554
1304 -49.2796 142.238
1305 -49.8065 142.824
1306 -50.2388 143.289
1307 -50.5691 143.62
1308 -50.8044 143.821
1309 -50.9596 143.9
1310 -51.0475 143.867
1311 -51.0732 143.727
1312 -51.0311 143.481
1313 -50.9075 143.125
1314 -50.6896 142.659
1315 -50.3741 142.089
1316 -49.9758 141.437
1317 -49.5317 140.742
1318 -49.0985 140.051
1319 -48.7444 139.419
1320 -48.5372 138.9
1321 -48.5309 138.536
1322 -48.7546 138.35
1323 -49.2074 138.351
1324 -49.8591 138.528
1325 -50.6596 138.856
1326 -51.5483 139.306
1327 -52.4661 139.848
1328 -53.3646 140.455
1329 -54.2101 141.107
1330 -54.9799 141.788
1331 -55.6577 142.48
1332 -56.2264 143.164
1333 -56.6622 143.813
1334 -56.9341 144.392
1335 -57.0088 144.865
1336 -56.8576 145.197
1337 -56.4653 145.361
1338 -55.8388 145.34
1339 -55.0129 145.136
1340 -54.0478 144.769
1341 -53.0241 144.271
1342 -52.0303 143.685
1343 -51.1463 143.049
1344 -50.4285 142.392
1345 -49.9011 141.73
1346 -49.554 141.063
1347 -49.3493 140.382
1348 -49.2351 139.679
1349 -49.1615 138.951
1350 -49.0927 138.202
1351 -49.0174 137.449
1352 -48.9483 136.72
1353 -48.9173 136.05
1354 -48.9622 135.475
1355 -49.1113 135.024
1356 -49.3716 134.715
1357 -49.7228 134.548
1358 -50.1206 134.507
1359 -50.5062 134.567
1360 -50.8245 134.7
1361 -51.0373 134.882
1362 -51.1323 135.096
1363 -51.1252 135.337
1364 -51.054 135.604
1365 -50.9669 135.902
1366 -50.9082 136.231
1367 -50.9052 136.582
1368 -50.9593 136.933
1369 -51.0462 137.258
1370 -51.1236 137.521
1371 -51.1449 137.691
1372 -51.073 137.744
1373 -50.8924 137.666
1374 -50.6132 137.457
1375 -50.2685 137.13
1376 -49.9037 136.707
1377 -49.5637 136.21
1378 -49.2813 135.662
1379 -49.068 135.076
1380 -48.9111 134.459
1381 -48.7785 133.807
1382 -48.6287 133.112
1383 -48.4226 132.372
1384 -48.1347 131.59
1385 -47.7575 130.785
1386 -47.3038 129.986
1387 -46.8004 129.232
1388 -46.2785 128.563
1389 -45.7608 128.005
1390 -45.2532 127.565
1391 -44.7389 127.227
1392 -44.1828 126.96
1393 -43.5402 126.721
1394 -42.7709 126.476
1395 -41.8585 126.205
1396 -40.8193 125.909
1397 -39.7078 125.61
1398 -38.6082 125.341
1399 -37.6188 125.136
1400 -36.8271 125.018
1401 -36.2902 124.987
1402 -36.0234 125.024
1403 -36.0012 125.096
1404 -36.1692 125.165
1405 -36.4627 125.196
1406 -36.8236 125.167
1407 -37.2116 125.073
1408 -37.6103 124.928
1409 -38.0236 124.761
1410 -38.4635 124.61
1411 -38.9372 124.511
1412 -39.4304 124.479
1413 -39.901 124.507
1414 -40.2791 124.559
1415 -40.4775 124.579
1416 -40.411 124.509
1417 -40.0176 124.306
1418 -39.2798 123.962
1419 -38.2343 123.504
1420 -36.9726 122.999
1421 -35.6263 122.537
1422 -34.341 122.206
1423 -33.2466 122.073
1424 -32.4312 122.165
1425 -31.9301 122.465
1426 -31.7305 122.926
1427 -31.7882 123.483
1428 -32.0491 124.072
1429 -32.4676 124.643
1430 -33.0189 125.165
1431 -33.7003 125.636
1432 -34.5247 126.068
1433 -35.5059 126.487
1434 -36.6424 126.918
1435 -37.9018 127.372
1436 -39.2163 127.837
1437 -40.4875 128.284
1438 -41.6031 128.666
1439 -42.4563 128.939
1440 -42.9635 129.072
1441 -43.0801 129.056
1442 -42.8094 128.916
1443 -42.2059 128.705
1444 -41.3673 128.501
1445 -40.4133 128.382
1446 -39.4577 128.411
1447 -38.5819 128.613
1448 -37.8167 128.973
1449 -37.1465 129.44
1450 -36.5292 129.949
1451 -35.9218 130.44
1452 -35.3055 130.872
1453 -34.6997 131.232
1454 -34.165 131.539
1455 -33.7953 131.832
1456 -33.6949 132.161
1457 -33.9512 132.574
1458 -34.6084 133.1
1459 -35.6515 133.74
1460 -37.0071 134.464
1461 -38.5614 135.216
1462 -40.1904 135.937
1463 -41.7852 136.573
1464 -43.2728 137.097
1465 -44.6217 137.508
1466 -45.8344 137.825
1467 -46.9348 138.078
1468 -47.9495 138.295
1469 -48.8955 138.494
1470 -49.7772 138.678
1471 -50.5794 138.837
1472 -51.2709 138.951
1473 -51.809 138.995
1474 -52.151 138.952
1475 -52.268 138.812
1476 -52.1583 138.579
1477 -51.8542 138.275
1478 -51.4208 137.929
1479 -50.9397 137.578
1480 -50.489 137.252
1481 -50.1205 136.97
1482 -49.8459 136.731
1483 -49.6365 136.516
1484 -49.4382 136.296
1485 -49.1915 136.041
1486 -48.8547 135.734
1487 -48.4193 135.375
1488 -47.9141 134.989
1489 -47.3985 134.617
1490 -46.9468 134.303
1491 -46.6278 134.088
1492 -46.4873 133.991
1493 -46.5375 134.01
1494 -46.757 134.12
1495 -47.1006 134.28
1496 -47.5136 134.449
1497 -47.9461 134.59
1498 -48.3657 134.68
1499 -48.7656 134.713
1500 -49.166 134.695
1501 -49.61 134.643
1502 -50.1496 134.581
1503 -50.8308 134.527
1504 -51.6753 134.49
1505 -52.6702 134.467
1506 -53.7671 134.439
1507 -54.8931 134.385
1508 -55.9697 134.282
1509 -56.9323 134.117
1510 -57.7439 133.886
1511 -58.4013 133.604
1512 -58.9299 133.291
1513 -59.3721 132.977
1514 -59.7702 132.692
1515 -60.1526 132.455
1516 -60.5232 132.277
1517 -60.8581 132.148
1518 -61.1125 132.045
1519 -61.231 131.932
1520 -61.1644 131.772
1521 -60.8835 131.538
1522 -60.3923 131.221
1523 -59.7319 130.834
1524 -58.9778 130.415
1525 -58.2264 130.014
1526 -57.5748 129.683
1527 -57.0988 129.456
1528 -56.8376 129.342
1529 -56.7903 129.327
1530 -56.9232 129.379
1531 -57.1874 129.464
1532 -57.5372 129.551
1533 -57.9466 129.624
1534 -58.4158 129.686
1535 -58.9673 129.752
1536 -59.6342 129.847
1537 -60.4441 129.995
1538 -61.406 130.214
1539 -62.5012 130.505
1540 -63.679 130.854
1541 -64.8669 131.225
1542 -65.9821 131.574
1543 -66.9507 131.853
1544 -67.7213 132.028
1545 -68.2701 132.084
1546 -68.6022 132.032
1547 -68.7458 131.906
1548 -68.7417 131.756
1549 -68.629 131.629
1550 -68.4324 131.56
1551 -68.1557 131.56
1552 -67.7843 131.616
1553 -67.2926 131.699
1554 -66.6559 131.775
1555 -65.8651 131.82
1556 -64.9345 131.829
1557 -63.9092 131.814
1558 -62.8589 131.804
1559 -61.8686 131.832
1560 -61.0268 131.922
1561 -60.404 132.083
1562 -60.036 132.3
1563 -59.9158 132.54
1564 -59.9996 132.757
1565 -60.2206 132.908
1566 -60.5116 132.961
1567 -60.8239 132.904
1568 -61.1398 132.753
1569 -61.4732 132.541
1570 -61.8602 132.318
1571 -62.3415 132.135
1572 -62.9457 132.034
1573 -63.6735 132.038
1574 -64.4918 132.15
1575 -65.3435 132.355
1576 -66.1582 132.626
1577 -66.8686 132.936
1578 -67.4209 133.267
1579 -67.7826 133.61
1580 -67.9445 133.967
1581 -67.9156 134.35
1582 -67.715 134.767
1583 -67.3609 135.219
1584 -66.8606 135.69
1585 -66.2051 136.152
1586 -65.3683 136.566
1587 -64.3135 136.894
1588 -63.0093 137.099
1589 -61.4449 137.163
1590 -59.6387 137.084
1591 -57.6487 136.876
1592 -55.5613 136.565
1593 -53.4842 136.179
1594 -51.528 135.746
1595 -49.7798 135.282
1596 -48.2943 134.788
1597 -47.0872 134.253
1598 -46.1444 133.657
1599 -45.4322 132.975
1600 -44.9054 132.185
1601 -44.5225 131.277
1602 -44.2556 130.262
1603 -44.0949 129.173
1604 -44.0469 128.064
1605 -44.1284 127
1606 -44.3551 126.046
1607 -44.7292 125.257
1608 -45.2308 124.661
1609 -45.8158 124.259
1610 -46.4213 124.033
1611 -46.9786 123.951
1612 -47.43 123.983
1613 -47.741 124.11
1614 -47.9071 124.326
1615 -47.9527 124.645
1616 -47.9209 125.088
1617 -47.8594 125.674
1618 -47.8085 126.417
1619 -47.7909 127.309
1620 -47.8097 128.327
1621 -47.8514 129.43
1622 -47.8955 130.574
1623 -47.9243 131.712
1624 -47.9311 132.814
1625 -47.9247 133.861
1626 -47.9275 134.85
1627 -47.97 135.784
1628 -48.0817 136.669
1629 -48.2814 137.507
1630 -48.5711 138.288
1631 -48.9333 138.993
1632 -49.3356 139.601
1633 -49.7379 140.089
1634 -50.1043 140.446
1635 -50.4112 140.671
1636 -50.6541 140.775
1637 -50.8505 140.776
1638 -51.0347 140.695
1639 -51.2499 140.555
1640 -51.5388 140.374
1641 -51.9332 140.167
1642 -52.4469 139.947
1643 -53.075 139.728
1644 -53.796 139.524
1645 -54.5797 139.354
1646 -55.3948 139.237
1647 -56.2143 139.192
1648 -57.019 139.236
1649 -57.7956 139.377
1650 -58.533 139.614
1651 -59.22 139.935
1652 -59.8429 140.324
1653 -60.386 140.761
1654 -60.8344 141.229
1655 -61.1773 141.723
1656 -61.411 142.246
1657 -61.5403 142.803
1658 -61.5801 143.404
1659 -61.555 144.052
1660 -61.4961 144.74
1661 -61.437 145.45
1662 -61.4098 146.163
1663 -61.4398 146.854
1664 -61.5429 147.509
1665 -61.724 148.117
1666 -61.9765 148.678
1667 -62.2835 149.193
1668 -62.6201 149.665
1669 -62.9581 150.089
1670 -63.2689 150.456
1671 -63.5284 150.753
1672 -63.7186 150.965
1673 -63.8287 151.082
1674 -63.8538 151.102
1675 -63.7949 151.028
1676 -63.6567 150.87
1677 -63.4469 150.639
1678 -63.1757 150.347
1679 -62.8561 150.002
1680 -62.506 149.613
1681 -62.1489 149.185
1682 -61.8115 148.73
1683 -61.5233 148.261
1684 -61.3116 147.801
1685 -61.1958 147.372
1686 -61.1834 146.999
1687 -61.2672 146.702
1688 -61.4265 146.487
1689 -61.6314 146.353
1690 -61.8486 146.283
1691 -62.0473 146.252
1692 -62.2014 146.233
1693 -62.2898 146.203
1694 -62.2956 146.145
1695 -62.2045 146.054
1696 -62.006 145.929
1697 -61.6958 145.772
1698 -61.2777 145.584
1699 -60.7662 145.359
1700 -60.185 145.089
1701 -59.5658 144.769
1702 -58.9475 144.401
1703 -58.3737 144.001
1704 -57.8903 143.6
1705 -57.5415 143.239
1706 -57.3628 142.96
1707 -57.3737 142.796
1708 -57.572 142.766
1709 -57.9314 142.867
1710 -58.4055 143.082
1711 -58.9377 143.38
1712 -59.4732 143.731
1713 -59.9693 144.113
1714 -60.4002 144.515
1715 -60.7582 144.941
1716 -61.0459 145.401
1717 -61.2678 145.904
1718 -61.4226 146.451
1719 -61.5009 147.029
1720 -61.4875 147.609
1721 -61.3695 148.156
1722 -61.1427 148.635
1723 -60.8189 149.018
1724 -60.426 149.289
1725 -60.0049 149.445
1726 -59.602 149.499
1727 -59.2612 149.463
1728 -59.0164 149.352
1729 -58.8861 149.171
1730 -58.8709 148.917
1731 -58.9553 148.579
1732 -59.1128 148.142
1733 -59.3113 147.597
1734 -59.5208 146.944
1735 -59.7193 146.196
1736 -59.8976 145.38
1737 -60.0601 144.531
1738 -60.2205 143.692
1739 -60.3933 142.907
1740 -60.5858 142.212
1741 -60.7901 141.635
1742 -60.9821 141.196
1743 -61.1285 140.908
1744 -61.1955 140.778
1745 -61.1588 140.81
1746 -61.0096 141.006
1747 -60.7557 141.36
1748 -60.4176 141.854
1749 -60.0224 142.463
1750 -59.5961 143.154
1751 -59.1598 143.887
1752 -58.728 144.626
1753 -58.309 145.342
1754 -57.9076 146.013
1755 -57.5281 146.63
1756 -57.1762 147.186
1757 -56.8618 147.677
1758 -56.6001 148.093
1759 -56.4112 148.419
1760 -56.3209 148.633
1761 -56.3573 148.711
1762 -56.5446 148.633
1763 -56.8985 148.389
1764 -57.4189 147.985
1765 -58.0891 147.443
1766 -58.8743 146.799
1767 -59.7279 146.093
1768 -60.5953 145.366
1769 -61.4224 144.648
1770 -62.1655 143.957
1771 -62.7926 143.3
1772 -63.282 142.676
1773 -63.6237 142.084
1774 -63.8166 141.523
1775 -63.8631 141.002
1776 -63.769 140.534
1777 -63.5418 140.135
1778 -63.1893 139.817
1779 -62.7229 139.587
1780 -62.1578 139.449
1781 -61.5186 139.4
1782 -60.8417 139.441
1783 -60.1712 139.572
1784 -59.555 139.797
1785 -59.0402 140.119
1786 -58.6644 140.539
1787 -58.4493 141.05
1788 -58.3996 141.637
1789 -58.505 142.279
1790 -58.7469 142.948
1791 -59.1048 143.619
1792 -59.5599 144.271
1793 -60.0978 144.889
1794 -60.7067 145.468
1795 -61.3749 146.01
1796 -62.0864 146.516
1797 -62.8187 146.982
1798 -63.5437 147.393
1799 -64.2307 147.728
1800 -64.8503 147.957
1801 -65.3796 148.051
1802 -65.8077 147.995
1803 -66.1336 147.788
1804 -66.365 147.451
1805 -66.5159 147.017
1806 -66.599 146.529
1807 -66.6201 146.02
1808 -66.5751 145.511
1809 -66.4494 145.007
1810 -66.2219 144.496
1811 -65.8696 143.958
1812 -65.3738 143.373
1813 -64.7287 142.732
1814 -63.9469 142.039
1815 -63.0592 141.31
1816 -62.1115 140.568
1817 -61.1594 139.84
1818 -60.2509 139.142
1819 -59.4173 138.481
1820 -58.6738 137.856
1821 -58.0195 137.26
1822 -57.4456 136.686
1823 -56.9482 136.14
1824 -56.5357 135.64
1825 -56.2255 135.218
1826 -56.0406 134.905
1827 -56.0028 134.734
1828 -56.1229 134.721
1829 -56.3963 134.869
1830 -56.801 135.163
1831 -57.2999 135.577
1832 -57.8439 136.081
1833 -58.3794 136.649
1834 -58.8528 137.262
1835 -59.2144 137.909
1836 -59.4271 138.577
1837 -59.4713 139.255
1838 -59.3472 139.921
1839 -59.0706 140.548
1840 -58.6625 141.1
1841 -58.1427 141.541
1842 -57.5247 141.837
1843 -56.8113 141.965
1844 -55.9969 141.916
1845 -55.0757 141.689
1846 -54.0445 141.296
1847 -52.907 140.753
1848 -51.676 140.079
1849 -50.3739 139.295
1850 -49.0304 138.424
1851 -47.6786 137.487
1852 -46.3549 136.513
1853 -45.0874 135.527
1854 -43.8942 134.552
1855 -42.7883 133.607
1856 -41.7751 132.706
1857 -40.8515 131.852
1858 -40.0091 131.042
1859 -39.2381 130.27
1860 -38.5316 129.531
1861 -37.8912 128.827
1862 -37.3305 128.174
1863 -36.8727 127.594
1864 -36.5455 127.116
1865 -36.3701 126.759
1866 -36.3528 126.53
1867 -36.4774 126.417
1868 -36.7073 126.393
1869 -36.9959 126.424
1870 -37.2983 126.478
1871 -37.5825 126.534
1872 -37.8345 126.587
1873 -38.0553 126.649
1874 -38.2527 126.739
1875 -38.4323 126.88
1876 -38.5904 127.089
1877 -38.7128 127.372
1878 -38.7753 127.718
1879 -38.7475 128.104
1880 -38.598 128.498
1881 -38.2996 128.869
1882 -37.8343 129.193
1883 -37.1986 129.457
1884 -36.4054 129.661
1885 -35.4844 129.816
1886 -34.4743 129.93
1887 -33.4132 130.011
1888 -32.3323 130.056
1889 -31.2528 130.056
1890 -30.1853 129.998
1891 -29.1411 129.877
1892 -28.1401 129.699
1893 -27.2221 129.484
1894 -26.4478 129.264
1895 -25.8857 129.079
1896 -25.6007 128.966
1897 -25.6388 128.955
1898 -26.0161 129.064
1899 -26.7185 129.296
1900 -27.7059 129.644
1901 -28.9229 130.096
1902 -30.3069 130.638
1903 -31.7961 131.259
1904 -33.3337 131.95
1905 -34.8692 132.703
1906 -36.3566 133.506
1907 -37.7532 134.336
1908 -39.0157 135.161
1909 -40.1015 135.938
1910 -40.972 136.625
1911 -41.5958 137.187
1912 -41.9506 137.605
1913 -42.0218 137.879
1914 -41.8051 138.024
1915 -41.3115 138.069
1916 -40.5708 138.051
1917 -39.6334 138.006
1918 -38.5692 137.967
1919 -37.4581 137.959
1920 -36.3751 137.994
1921 -35.3802 138.076
1922 -34.5116 138.2
1923 -33.7861 138.355
1924 -33.2061 138.534
1925 -32.7692 138.731
1926 -32.4748 138.946
1927 -32.3259 139.181
1928 -32.3281 139.436
1929 -32.4846 139.709
1930 -32.7926 139.998
1931 -33.2421 140.297
1932 -33.8159 140.605
1933 -34.4898 140.922
1934 -35.2325 141.251
1935 -36.0062 141.594
1936 -36.7688 141.949
1937 -37.4789 142.308
1938 -38.1047 142.662
1939 -38.6315 142.997
1940 -39.0637 143.308
1941 -39.4225 143.595
1942 -39.7373 143.87
1943 -40.0328 144.145
1944 -40.3184 144.428
1945 -40.5788 144.719
1946 -40.776 145.002
1947 -40.858 145.251
1948 -40.7716 145.431
1949 -40.4774 145.51
1950 -39.9598 145.465
1951 -39.2311 145.289
1952 -38.3308 144.99
1953 -37.3159 144.592
1954 -36.2492 144.124
1955 -35.1857 143.615
1956 -34.1628 143.086
1957 -33.1963 142.546
1958 -32.2863 141.997
1959 -31.428 141.439
1960 -30.6208 140.878
1961 -29.8783 140.329
1962 -29.2329 139.823
1963 -28.7302 139.398
1964 -28.4198 139.099
1965 -28.3443 138.963
1966 -28.5238 139.015
1967 -28.9447 139.253
1968 -29.558 139.652
1969 -30.2852 140.162
1970 -31.0307 140.727
1971 -31.7015 141.289
1972 -32.2248 141.809
1973 -32.5587 142.267
1974 -32.696 142.667
1975 -32.6609 143.023
1976 -32.497 143.354
1977 -32.2518 143.669
1978 -31.9629 143.966
1979 -31.6502 144.228
1980 -31.3159 144.431
1981 -30.9513 144.551
1982 -30.5465 144.571
1983 -30.0998 144.483
1984 -29.6232 144.289
1985 -29.1412 143.999
1986 -28.6855 143.629
1987 -28.2877 143.195
1988 -27.9703 142.715
1989 -27.7408 142.201
1990 -27.5872 141.661
1991 -27.4809 141.095
1992 -27.3827 140.499
1993 -27.2498 139.865
1994 -27.0454 139.189
1995 -26.7457 138.474
1996 -26.3435 137.734
1997 -25.8502 136.991
1998 -25.2925 136.277
1999 -24.7088 135.63
2000 -24.1424 135.088
2001 -23.6333 134.685
