     1	164.095
     2	165.183
     3	166.32
     4	167.43
     5	168.462
     6	169.389
     7	170.212
     8	170.95
     9	171.624
    10	172.245
    11	172.802
    12	173.269
    13	173.605
    14	173.779
    15	173.779
    16	173.621
    17	173.351
    18	173.023
    19	172.69
    20	172.375
    21	172.072
    22	171.749
    23	171.367
    24	170.898
    25	170.338
    26	169.718
    27	169.086
    28	168.499
    29	167.999
    30	167.608
    31	167.316
    32	167.094
    33	166.899
    34	166.694
    35	166.461
    36	166.207
    37	165.962
    38	165.77
    39	165.671
    40	165.691
    41	165.829
    42	166.053
    43	166.315
    44	166.56
    45	166.746
    46	166.86
    47	166.914
    48	166.942
    49	166.985
    50	167.071
    51	167.206
    52	167.37
    53	167.527
    54	167.641
    55	167.688
    56	167.672
    57	167.616
    58	167.557
    59	167.529
    60	167.55
    61	167.615
    62	167.702
    63	167.782
    64	167.834
    65	167.857
    66	167.87
    67	167.906
    68	168.003
    69	168.189
    70	168.475
    71	168.85
    72	169.288
    73	169.755
    74	170.224
    75	170.681
    76	171.134
    77	171.605
    78	172.124
    79	172.71
    80	173.362
    81	174.051
    82	174.727
    83	175.329
    84	175.809
    85	176.14
    86	176.333
    87	176.429
    88	176.49
    89	176.57
    90	176.704
    91	176.891
    92	177.1
    93	177.285
    94	177.4
    95	177.42
    96	177.351
    97	177.224
    98	177.084
    99	176.975
   100	176.919
   101	176.911
   102	176.919
   103	176.902
   104	176.817
   105	176.64
   106	176.367
   107	176.014
   108	175.617
   109	175.214
   110	174.833
   111	174.485
   112	174.157
   113	173.816
   114	173.421
   115	172.94
   116	172.36
   117	171.697
   118	170.986
   119	170.274
   120	169.601
   121	168.988
   122	168.43
   123	167.907
   124	167.392
   125	166.869
   126	166.343
   127	165.84
   128	165.399
   129	165.054
   130	164.825
   131	164.711
   132	164.694
   133	164.743
   134	164.827
   135	164.928
   136	165.04
   137	165.174
   138	165.345
   139	165.568
   140	165.846
   141	166.161
   142	166.482
   143	166.765
   144	166.97
   145	167.074
   146	167.08
   147	167.014
   148	166.922
   149	166.848
   150	166.82
   151	166.843
   152	166.897
   153	166.951
   154	166.975
   155	166.955
   156	166.897
   157	166.826
   158	166.775
   159	166.766
   160	166.809
   161	166.89
   162	166.986
   163	167.07
   164	167.124
   165	167.149
   166	167.167
   167	167.211
   168	167.318
   169	167.516
   170	167.819
   171	168.218
   172	168.687
   173	169.192
   174	169.703
   175	170.2
   176	170.685
   177	171.177
   178	171.703
   179	172.284
   180	172.924
   181	173.598
   182	174.259
   183	174.852
   184	175.33
   185	175.675
   186	175.898
   187	176.04
   188	176.158
   189	176.305
   190	176.514
   191	176.789
   192	177.109
   193	177.434
   194	177.721
   195	177.939
   196	178.077
   197	178.141
   198	178.146
   199	178.106
   200	178.026
   201	177.898
   202	177.705
   203	177.427
   204	177.047
   205	176.566
   206	175.999
   207	175.371
   208	174.718
   209	174.07
   210	173.446
   211	172.851
   212	172.278
   213	171.714
   214	171.146
   215	170.572
   216	169.998
   217	169.44
   218	168.912
   219	168.423
   220	167.967
   221	167.524
   222	167.068
   223	166.576
   224	166.035
   225	165.449
   226	164.831
   227	164.204
   228	163.591
   229	163.009
   230	162.464
   231	161.952
   232	161.465
   233	161.003
   234	160.583
   235	160.236
   236	160.009
   237	159.948
   238	160.087
   239	160.435
   240	160.968
   241	161.633
   242	162.364
   243	163.097
   244	163.79
   245	164.427
   246	165.018
   247	165.588
   248	166.163
   249	166.755
   250	167.354
   251	167.925
   252	168.423
   253	168.797
   254	169.015
   255	169.068
   256	168.972
   257	168.767
   258	168.5
   259	168.213
   260	167.922
   261	167.621
   262	167.279
   263	166.86
   264	166.335
   265	165.702
   266	164.984
   267	164.228
   268	163.489
   269	162.818
   270	162.245
   271	161.78
   272	161.415
   273	161.128
   274	160.904
   275	160.737
   276	160.641
   277	160.639
   278	160.759
   279	161.017
   280	161.413
   281	161.925
   282	162.511
   283	163.122
   284	163.712
   285	164.249
   286	164.724
   287	165.144
   288	165.53
   289	165.901
   290	166.27
   291	166.632
   292	166.972
   293	167.263
   294	167.483
   295	167.615
   296	167.655
   297	167.609
   298	167.491
   299	167.307
   300	167.059
   301	166.733
   302	166.313
   303	165.784
   304	165.139
   305	164.386
   306	163.541
   307	162.626
   308	161.661
   309	160.656
   310	159.609
   311	158.517
   312	157.381
   313	156.213
   314	155.047
   315	153.934
   316	152.932
   317	152.096
   318	151.458
   319	151.023
   320	150.764
   321	150.637
   322	150.588
   323	150.576
   324	150.578
   325	150.597
   326	150.654
   327	150.777
   328	150.987
   329	151.285
   330	151.648
   331	152.035
   332	152.394
   333	152.688
   334	152.899
   335	153.041
   336	153.153
   337	153.291
   338	153.506
   339	153.831
   340	154.263
   341	154.765
   342	155.278
   343	155.743
   344	156.115
   345	156.388
   346	156.587
   347	156.761
   348	156.963
   349	157.229
   350	157.566
   351	157.952
   352	158.345
   353	158.702
   354	158.991
   355	159.21
   356	159.381
   357	159.543
   358	159.742
   359	160.012
   360	160.371
   361	160.812
   362	161.308
   363	161.821
   364	162.319
   365	162.78
   366	163.205
   367	163.614
   368	164.039
   369	164.508
   370	165.04
   371	165.634
   372	166.27
   373	166.916
   374	167.535
   375	168.101
   376	168.597
   377	169.016
   378	169.355
   379	169.61
   380	169.772
   381	169.832
   382	169.787
   383	169.639
   384	169.403
   385	169.099
   386	168.749
   387	168.369
   388	167.97
   389	167.549
   390	167.097
   391	166.601
   392	166.052
   393	165.453
   394	164.824
   395	164.209
   396	163.66
   397	163.233
   398	162.96
   399	162.839
   400	162.835
   401	162.887
   402	162.934
   403	162.936
   404	162.881
   405	162.791
   406	162.71
   407	162.683
   408	162.738
   409	162.879
   410	163.077
   411	163.287
   412	163.456
   413	163.542
   414	163.523
   415	163.404
   416	163.211
   417	162.981
   418	162.753
   419	162.553
   420	162.382
   421	162.222
   422	162.036
   423	161.785
   424	161.447
   425	161.025
   426	160.549
   427	160.069
   428	159.637
   429	159.29
   430	159.044
   431	158.888
   432	158.797
   433	158.743
   434	158.71
   435	158.7
   436	158.731
   437	158.83
   438	159.022
   439	159.321
   440	159.723
   441	160.209
   442	160.745
   443	161.296
   444	161.838
   445	162.358
   446	162.863
   447	163.375
   448	163.919
   449	164.515
   450	165.17
   451	165.871
   452	166.587
   453	167.286
   454	167.935
   455	168.517
   456	169.026
   457	169.466
   458	169.847
   459	170.174
   460	170.45
   461	170.671
   462	170.834
   463	170.935
   464	170.974
   465	170.955
   466	170.881
   467	170.76
   468	170.593
   469	170.377
   470	170.101
   471	169.749
   472	169.311
   473	168.786
   474	168.194
   475	167.57
   476	166.958
   477	166.395
   478	165.899
   479	165.456
   480	165.033
   481	164.588
   482	164.095
   483	163.56
   484	163.024
   485	162.551
   486	162.209
   487	162.052
   488	162.098
   489	162.334
   490	162.716
   491	163.18
   492	163.658
   493	164.092
   494	164.442
   495	164.695
   496	164.861
   497	164.972
   498	165.062
   499	165.152
   500	165.238
   501	165.284
   502	165.239
   503	165.049
   504	164.683
   505	164.14
   506	163.456
   507	162.693
   508	161.925
   509	161.217
   510	160.609
   511	160.111
   512	159.708
   513	159.373
   514	159.089
   515	158.849
   516	158.665
   517	158.561
   518	158.559
   519	158.673
   520	158.9
   521	159.219
   522	159.597
   523	159.99
   524	160.359
   525	160.673
   526	160.919
   527	161.097
   528	161.221
   529	161.31
   530	161.383
   531	161.452
   532	161.521
   533	161.582
   534	161.629
   535	161.653
   536	161.661
   537	161.67
   538	161.705
   539	161.797
   540	161.967
   541	162.223
   542	162.561
   543	162.967
   544	163.429
   545	163.941
   546	164.501
   547	165.111
   548	165.766
   549	166.451
   550	167.142
   551	167.811
   552	168.442
   553	169.03
   554	169.586
   555	170.135
   556	170.704
   557	171.306
   558	171.938
   559	172.578
   560	173.188
   561	173.727
   562	174.163
   563	174.482
   564	174.688
   565	174.807
   566	174.878
   567	174.944
   568	175.034
   569	175.159
   570	175.303
   571	175.433
   572	175.506
   573	175.487
   574	175.353
   575	175.107
   576	174.772
   577	174.384
   578	173.98
   579	173.59
   580	173.217
   581	172.843
   582	172.441
   583	171.983
   584	171.464
   585	170.902
   586	170.336
   587	169.818
   588	169.395
   589	169.095
   590	168.918
   591	168.84
   592	168.823
   593	168.827
   594	168.83
   595	168.828
   596	168.839
   597	168.891
   598	169.016
   599	169.234
   600	169.55
   601	169.948
   602	170.396
   603	170.855
   604	171.296
   605	171.699
   606	172.068
   607	172.42
   608	172.783
   609	173.177
   610	173.613
   611	174.083
   612	174.563
   613	175.022
   614	175.432
   615	175.773
   616	176.039
   617	176.232
   618	176.357
   619	176.421
   620	176.423
   621	176.367
   622	176.26
   623	176.118
   624	175.959
   625	175.807
   626	175.679
   627	175.585
   628	175.525
   629	175.49
   630	175.464
   631	175.431
   632	175.381
   633	175.314
   634	175.239
   635	175.18
   636	175.166
   637	175.226
   638	175.375
   639	175.608
   640	175.899
   641	176.211
   642	176.512
   643	176.788
   644	177.052
   645	177.34
   646	177.696
   647	178.156
   648	178.734
   649	179.409
   650	-179.869
   651	-179.163
   652	-178.532
   653	-178.017
   654	-177.631
   655	-177.36
   656	-177.174
   657	-177.036
   658	-176.92
   659	-176.818
   660	-176.744
   661	-176.728
   662	-176.802
   663	-176.99
   664	-177.293
   665	-177.692
   666	-178.148
   667	-178.614
   668	-179.048
   669	-179.426
   670	-179.751
   671	179.955
   672	179.656
   673	179.315
   674	178.91
   675	178.442
   676	177.931
   677	177.416
   678	176.934
   679	176.512
   680	176.162
   681	175.878
   682	175.646
   683	175.454
   684	175.299
   685	175.19
   686	175.146
   687	175.18
   688	175.302
   689	175.506
   690	175.775
   691	176.085
   692	176.412
   693	176.741
   694	177.063
   695	177.379
   696	177.693
   697	178.006
   698	178.313
   699	178.602
   700	178.854
   701	179.052
   702	179.185
   703	179.251
   704	179.259
   705	179.223
   706	179.163
   707	179.088
   708	178.996
   709	178.872
   710	178.685
   711	178.407
   712	178.019
   713	177.522
   714	176.94
   715	176.32
   716	175.711
   717	175.154
   718	174.666
   719	174.234
   720	173.829
   721	173.422
   722	173.002
   723	172.587
   724	172.225
   725	171.978
   726	171.906
   727	172.047
   728	172.406
   729	172.95
   730	173.619
   731	174.347
   732	175.072
   733	175.752
   734	176.365
   735	176.912
   736	177.402
   737	177.849
   738	178.256
   739	178.613
   740	178.894
   741	179.063
   742	179.081
   743	178.922
   744	178.584
   745	178.092
   746	177.495
   747	176.855
   748	176.227
   749	175.643
   750	175.107
   751	174.599
   752	174.089
   753	173.555
   754	172.994
   755	172.429
   756	171.895
   757	171.428
   758	171.048
   759	170.76
   760	170.554
   761	170.417
   762	170.343
   763	170.334
   764	170.4
   765	170.557
   766	170.814
   767	171.173
   768	171.628
   769	172.162
   770	172.756
   771	173.385
   772	174.026
   773	174.653
   774	175.246
   775	175.793
   776	176.287
   777	176.726
   778	177.099
   779	177.388
   780	177.568
   781	177.614
   782	177.508
   783	177.256
   784	176.88
   785	176.418
   786	175.914
   787	175.399
   788	174.887
   789	174.375
   790	173.848
   791	173.292
   792	172.711
   793	172.124
   794	171.567
   795	171.082
   796	170.7
   797	170.434
   798	170.276
   799	170.193
   800	170.148
   801	170.107
   802	170.058
   803	170.014
   804	170.014
   805	170.112
   806	170.355
   807	170.771
   808	171.352
   809	172.054
   810	172.813
   811	173.556
   812	174.222
   813	174.777
   814	175.216
   815	175.558
   816	175.838
   817	176.088
   818	176.322
   819	176.529
   820	176.675
   821	176.714
   822	176.608
   823	176.346
   824	175.946
   825	175.461
   826	174.958
   827	174.502
   828	174.141
   829	173.896
   830	173.758
   831	173.703
   832	173.706
   833	173.755
   834	173.856
   835	174.026
   836	174.285
   837	174.641
   838	175.087
   839	175.599
   840	176.145
   841	176.685
   842	177.184
   843	177.609
   844	177.939
   845	178.164
   846	178.29
   847	178.329
   848	178.298
   849	178.216
   850	178.093
   851	177.93
   852	177.725
   853	177.478
   854	177.193
   855	176.885
   856	176.576
   857	176.286
   858	176.025
   859	175.79
   860	175.57
   861	175.35
   862	175.13
   863	174.919
   864	174.745
   865	174.633
   866	174.605
   867	174.667
   868	174.806
   869	174.999
   870	175.223
   871	175.46
   872	175.705
   873	175.963
   874	176.24
   875	176.538
   876	176.85
   877	177.154
   878	177.417
   879	177.597
   880	177.654
   881	177.554
   882	177.279
   883	176.835
   884	176.248
   885	175.556
   886	174.803
   887	174.023
   888	173.238
   889	172.453
   890	171.67
   891	170.896
   892	170.155
   893	169.49
   894	168.959
   895	168.62
   896	168.518
   897	168.676
   898	169.08
   899	169.692
   900	170.451
   901	171.29
   902	172.15
   903	172.99
   904	173.794
   905	174.564
   906	175.309
   907	176.034
   908	176.733
   909	177.383
   910	177.943
   911	178.371
   912	178.629
   913	178.702
   914	178.596
   915	178.343
   916	177.992
   917	177.592
   918	177.184
   919	176.79
   920	176.411
   921	176.032
   922	175.633
   923	175.199
   924	174.724
   925	174.221
   926	173.71
   927	173.212
   928	172.746
   929	172.32
   930	171.931
   931	171.575
   932	171.246
   933	170.945
   934	170.682
   935	170.47
   936	170.324
   937	170.249
   938	170.246
   939	170.306
   940	170.416
   941	170.561
   942	170.726
   943	170.897
   944	171.061
   945	171.202
   946	171.301
   947	171.33
   948	171.255
   949	171.043
   950	170.668
   951	170.117
   952	169.402
   953	168.552
   954	167.612
   955	166.628
   956	165.639
   957	164.66
   958	163.692
   959	162.718
   960	161.723
   961	160.703
   962	159.672
   963	158.661
   964	157.709
   965	156.856
   966	156.127
   967	155.528
   968	155.035
   969	154.609
   970	154.204
   971	153.784
   972	153.336
   973	152.879
   974	152.463
   975	152.151
   976	152.005
   977	152.059
   978	152.312
   979	152.721
   980	153.213
   981	153.708
   982	154.136
   983	154.458
   984	154.667
   985	154.788
   986	154.863
   987	154.934
   988	155.021
   989	155.114
   990	155.171
   991	155.135
   992	154.952
   993	154.593
   994	154.066
   995	153.416
   996	152.711
   997	152.029
   998	151.436
   999	150.973
  1000	150.65
  1001	150.449
  1002	150.34
  1003	150.292
  1004	150.281
  1005	150.296
  1006	150.337
  1007	150.412
  1008	150.532
  1009	150.702
  1010	150.921
  1011	151.173
  1012	151.43
  1013	151.653
  1014	151.806
  1015	151.858
  1016	151.798
  1017	151.629
  1018	151.376
  1019	151.07
  1020	150.746
  1021	150.433
  1022	150.149
  1023	149.898
  1024	149.671
  1025	149.451
  1026	149.216
  1027	148.943
  1028	148.606
  1029	148.185
  1030	147.672
  1031	147.075
  1032	146.418
  1033	145.744
  1034	145.1
  1035	144.521
  1036	144.022
  1037	143.599
  1038	143.233
  1039	142.909
  1040	142.625
  1041	142.397
  1042	142.26
  1043	142.256
  1044	142.425
  1045	142.785
  1046	143.329
  1047	144.019
  1048	144.789
  1049	145.559
  1050	146.243
  1051	146.772
  1052	147.105
  1053	147.235
  1054	147.187
  1055	147.005
  1056	146.733
  1057	146.399
  1058	146.005
  1059	145.53
  1060	144.944
  1061	144.224
  1062	143.37
  1063	142.414
  1064	141.414
  1065	140.451
  1066	139.606
  1067	138.947
  1068	138.51
  1069	138.297
  1070	138.279
  1071	138.408
  1072	138.632
  1073	138.914
  1074	139.238
  1075	139.613
  1076	140.065
  1077	140.626
  1078	141.318
  1079	142.142
  1080	143.069
  1081	144.045
  1082	145.007
  1083	145.894
  1084	146.664
  1085	147.3
  1086	147.808
  1087	148.215
  1088	148.553
  1089	148.849
  1090	149.112
  1091	149.334
  1092	149.485
  1093	149.526
  1094	149.418
  1095	149.138
  1096	148.68
  1097	148.068
  1098	147.347
  1099	146.579
  1100	145.84
  1101	145.197
  1102	144.706
  1103	144.398
  1104	144.28
  1105	144.337
  1106	144.54
  1107	144.863
  1108	145.281
  1109	145.785
  1110	146.376
  1111	147.063
  1112	147.85
  1113	148.731
  1114	149.675
  1115	150.626
  1116	151.511
  1117	152.251
  1118	152.775
  1119	153.037
  1120	153.023
  1121	152.756
  1122	152.29
  1123	151.703
  1124	151.07
  1125	150.451
  1126	149.871
  1127	149.318
  1128	148.755
  1129	148.134
  1130	147.423
  1131	146.618
  1132	145.759
  1133	144.917
  1134	144.182
  1135	143.633
  1136	143.316
  1137	143.221
  1138	143.288
  1139	143.429
  1140	143.557
  1141	143.609
  1142	143.564
  1143	143.447
  1144	143.314
  1145	143.24
  1146	143.295
  1147	143.525
  1148	143.933
  1149	144.485
  1150	145.116
  1151	145.749
  1152	146.318
  1153	146.783
  1154	147.14
  1155	147.417
  1156	147.662
  1157	147.927
  1158	148.244
  1159	148.611
  1160	148.994
  1161	149.333
  1162	149.566
  1163	149.647
  1164	149.562
  1165	149.325
  1166	148.974
  1167	148.561
  1168	148.134
  1169	147.73
  1170	147.37
  1171	147.058
  1172	146.784
  1173	146.529
  1174	146.273
  1175	145.999
  1176	145.699
  1177	145.371
  1178	145.026
  1179	144.684
  1180	144.369
  1181	144.105
  1182	143.906
  1183	143.78
  1184	143.72
  1185	143.714
  1186	143.747
  1187	143.812
  1188	143.909
  1189	144.051
  1190	144.259
  1191	144.557
  1192	144.964
  1193	145.491
  1194	146.127
  1195	146.842
  1196	147.59
  1197	148.31
  1198	148.941
  1199	149.429
  1200	149.739
  1201	149.861
  1202	149.809
  1203	149.615
  1204	149.317
  1205	148.95
  1206	148.532
  1207	148.064
  1208	147.533
  1209	146.924
  1210	146.231
  1211	145.472
  1212	144.692
  1213	143.962
  1214	143.365
  1215	142.977
  1216	142.845
  1217	142.972
  1218	143.315
  1219	143.792
  1220	144.308
  1221	144.776
  1222	145.141
  1223	145.389
  1224	145.543
  1225	145.642
  1226	145.724
  1227	145.8
  1228	145.849
  1229	145.82
  1230	145.656
  1231	145.307
  1232	144.752
  1233	144.005
  1234	143.113
  1235	142.153
  1236	141.211
  1237	140.366
  1238	139.675
  1239	139.162
  1240	138.816
  1241	138.601
  1242	138.469
  1243	138.383
  1244	138.329
  1245	138.325
  1246	138.411
  1247	138.643
  1248	139.069
  1249	139.715
  1250	140.575
  1251	141.604
  1252	142.742
  1253	143.917
  1254	145.061
  1255	146.132
  1256	147.105
  1257	147.976
  1258	148.755
  1259	149.452
  1260	150.075
  1261	150.622
  1262	151.074
  1263	151.398
  1264	151.552
  1265	151.495
  1266	151.196
  1267	150.638
  1268	149.836
  1269	148.833
  1270	147.701
  1271	146.527
  1272	145.4
  1273	144.397
  1274	143.566
  1275	142.915
  1276	142.425
  1277	142.059
  1278	141.781
  1279	141.57
  1280	141.433
  1281	141.4
  1282	141.513
  1283	141.812
  1284	142.311
  1285	142.986
  1286	143.778
  1287	144.602
  1288	145.371
  1289	146.021
  1290	146.52
  1291	146.879
  1292	147.146
  1293	147.391
  1294	147.682
  1295	148.068
  1296	148.553
  1297	149.102
  1298	149.645
  1299	150.105
  1300	150.413
  1301	150.531
  1302	150.464
  1303	150.251
  1304	149.962
  1305	149.666
  1306	149.416
  1307	149.226
  1308	149.069
  1309	148.889
  1310	148.623
  1311	148.229
  1312	147.7
  1313	147.067
  1314	146.397
  1315	145.776
  1316	145.285
  1317	144.985
  1318	144.902
  1319	145.025
  1320	145.309
  1321	145.697
  1322	146.129
  1323	146.561
  1324	146.971
  1325	147.359
  1326	147.74
  1327	148.139
  1328	148.573
  1329	149.047
  1330	149.545
  1331	150.034
  1332	150.473
  1333	150.823
  1334	151.056
  1335	151.163
  1336	151.153
  1337	151.048
  1338	150.884
  1339	150.699
  1340	150.528
  1341	150.398
  1342	150.318
  1343	150.281
  1344	150.264
  1345	150.233
  1346	150.154
  1347	150.001
  1348	149.762
  1349	149.444
  1350	149.074
  1351	148.69
  1352	148.335
  1353	148.041
  1354	147.821
  1355	147.666
  1356	147.55
  1357	147.439
  1358	147.303
  1359	147.132
  1360	146.941
  1361	146.768
  1362	146.671
  1363	146.708
  1364	146.916
  1365	147.297
  1366	147.813
  1367	148.387
  1368	148.931
  1369	149.364
  1370	149.637
  1371	149.746
  1372	149.731
  1373	149.662
  1374	149.61
  1375	149.626
  1376	149.714
  1377	149.841
  1378	149.943
  1379	149.955
  1380	149.833
  1381	149.569
  1382	149.196
  1383	148.781
  1384	148.412
  1385	148.171
  1386	148.112
  1387	148.241
  1388	148.516
  1389	148.857
  1390	149.171
  1391	149.382
  1392	149.444
  1393	149.359
  1394	149.171
  1395	148.945
  1396	148.748
  1397	148.626
  1398	148.587
  1399	148.603
  1400	148.624
  1401	148.596
  1402	148.478
  1403	148.256
  1404	147.945
  1405	147.582
  1406	147.218
  1407	146.905
  1408	146.682
  1409	146.564
  1410	146.539
  1411	146.569
  1412	146.603
  1413	146.59
  1414	146.493
  1415	146.297
  1416	146.012
  1417	145.665
  1418	145.303
  1419	144.974
  1420	144.719
  1421	144.566
  1422	144.524
  1423	144.582
  1424	144.72
  1425	144.91
  1426	145.13
  1427	145.364
  1428	145.616
  1429	145.9
  1430	146.247
  1431	146.685
  1432	147.229
  1433	147.866
  1434	148.555
  1435	149.226
  1436	149.799
  1437	150.201
  1438	150.384
  1439	150.335
  1440	150.078
  1441	149.669
  1442	149.178
  1443	148.675
  1444	148.209
  1445	147.796
  1446	147.421
  1447	147.045
  1448	146.621
  1449	146.118
  1450	145.535
  1451	144.909
  1452	144.318
  1453	143.855
  1454	143.609
  1455	143.629
  1456	143.908
  1457	144.383
  1458	144.956
  1459	145.525
  1460	146.017
  1461	146.404
  1462	146.703
  1463	146.967
  1464	147.261
  1465	147.643
  1466	148.14
  1467	148.74
  1468	149.398
  1469	150.043
  1470	150.611
  1471	151.052
  1472	151.345
  1473	151.503
  1474	151.56
  1475	151.567
  1476	151.566
  1477	151.582
  1478	151.616
  1479	151.645
  1480	151.638
  1481	151.567
  1482	151.425
  1483	151.224
  1484	151.001
  1485	150.804
  1486	150.684
  1487	150.683
  1488	150.825
  1489	151.117
  1490	151.546
  1491	152.091
  1492	152.723
  1493	153.414
  1494	154.141
  1495	154.882
  1496	155.617
  1497	156.328
  1498	156.995
  1499	157.6
  1500	158.131
  1501	158.578
  1502	158.94
  1503	159.214
  1504	159.399
  1505	159.489
  1506	159.478
  1507	159.362
  1508	159.146
  1509	158.849
  1510	158.51
  1511	158.183
  1512	157.928
  1513	157.792
  1514	157.798
  1515	157.938
  1516	158.176
  1517	158.461
  1518	158.752
  1519	159.023
  1520	159.277
  1521	159.538
  1522	159.839
  1523	160.209
  1524	160.661
  1525	161.184
  1526	161.748
  1527	162.311
  1528	162.831
  1529	163.284
  1530	163.664
  1531	163.992
  1532	164.308
  1533	164.661
  1534	165.096
  1535	165.629
  1536	166.247
  1537	166.9
  1538	167.525
  1539	168.058
  1540	168.463
  1541	168.734
  1542	168.906
  1543	169.031
  1544	169.165
  1545	169.344
  1546	169.564
  1547	169.786
  1548	169.948
  1549	169.991
  1550	169.872
  1551	169.582
  1552	169.151
  1553	168.637
  1554	168.11
  1555	167.635
  1556	167.254
  1557	166.972
  1558	166.76
  1559	166.572
  1560	166.358
  1561	166.085
  1562	165.743
  1563	165.35
  1564	164.944
  1565	164.577
  1566	164.296
  1567	164.131
  1568	164.092
  1569	164.161
  1570	164.303
  1571	164.476
  1572	164.647
  1573	164.794
  1574	164.915
  1575	165.02
  1576	165.13
  1577	165.268
  1578	165.447
  1579	165.668
  1580	165.913
  1581	166.154
  1582	166.35
  1583	166.464
  1584	166.461
  1585	166.316
  1586	166.016
  1587	165.558
  1588	164.957
  1589	164.245
  1590	163.467
  1591	162.675
  1592	161.917
  1593	161.226
  1594	160.612
  1595	160.06
  1596	159.54
  1597	159.025
  1598	158.501
  1599	157.985
  1600	157.52
  1601	157.167
  1602	156.984
  1603	157.008
  1604	157.236
  1605	157.626
  1606	158.106
  1607	158.594
  1608	159.022
  1609	159.351
  1610	159.577
  1611	159.731
  1612	159.866
  1613	160.037
  1614	160.284
  1615	160.617
  1616	161.008
  1617	161.402
  1618	161.74
  1619	161.971
  1620	162.076
  1621	162.069
  1622	161.992
  1623	161.9
  1624	161.841
  1625	161.838
  1626	161.879
  1627	161.92
  1628	161.904
  1629	161.777
  1630	161.517
  1631	161.137
  1632	160.686
  1633	160.235
  1634	159.853
  1635	159.587
  1636	159.448
  1637	159.415
  1638	159.442
  1639	159.481
  1640	159.495
  1641	159.473
  1642	159.426
  1643	159.392
  1644	159.416
  1645	159.539
  1646	159.784
  1647	160.148
  1648	160.602
  1649	161.096
  1650	161.582
  1651	162.019
  1652	162.389
  1653	162.696
  1654	162.967
  1655	163.235
  1656	163.535
  1657	163.89
  1658	164.306
  1659	164.773
  1660	165.27
  1661	165.767
  1662	166.238
  1663	166.662
  1664	167.025
  1665	167.322
  1666	167.555
  1667	167.732
  1668	167.862
  1669	167.955
  1670	168.012
  1671	168.029
  1672	167.991
  1673	167.877
  1674	167.665
  1675	167.337
  1676	166.889
  1677	166.338
  1678	165.72
  1679	165.089
  1680	164.515
  1681	164.064
  1682	163.779
  1683	163.678
  1684	163.739
  1685	163.921
  1686	164.168
  1687	164.43
  1688	164.676
  1689	164.904
  1690	165.136
  1691	165.413
  1692	165.774
  1693	166.237
  1694	166.784
  1695	167.362
  1696	167.894
  1697	168.301
  1698	168.53
  1699	168.565
  1700	168.435
  1701	168.205
  1702	167.961
  1703	167.782
  1704	167.725
  1705	167.806
  1706	168.003
  1707	168.269
  1708	168.547
  1709	168.791
  1710	168.978
  1711	169.11
  1712	169.215
  1713	169.333
  1714	169.504
  1715	169.747
  1716	170.06
  1717	170.41
  1718	170.748
  1719	171.026
  1720	171.209
  1721	171.288
  1722	171.282
  1723	171.234
  1724	171.189
  1725	171.19
  1726	171.254
  1727	171.376
  1728	171.529
  1729	171.674
  1730	171.776
  1731	171.811
  1732	171.769
  1733	171.653
  1734	171.471
  1735	171.232
  1736	170.943
  1737	170.607
  1738	170.228
  1739	169.814
  1740	169.372
  1741	168.91
  1742	168.437
  1743	167.958
  1744	167.479
  1745	167.005
  1746	166.544
  1747	166.108
  1748	165.713
  1749	165.381
  1750	165.138
  1751	165.002
  1752	164.984
  1753	165.077
  1754	165.257
  1755	165.486
  1756	165.718
  1757	165.91
  1758	166.035
  1759	166.087
  1760	166.081
  1761	166.049
  1762	166.028
  1763	166.045
  1764	166.107
  1765	166.198
  1766	166.286
  1767	166.33
  1768	166.295
  1769	166.166
  1770	165.947
  1771	165.661
  1772	165.342
  1773	165.02
  1774	164.711
  1775	164.412
  1776	164.103
  1777	163.756
  1778	163.337
  1779	162.824
  1780	162.208
  1781	161.499
  1782	160.726
  1783	159.927
  1784	159.138
  1785	158.394
  1786	157.714
  1787	157.11
  1788	156.581
  1789	156.129
  1790	155.761
  1791	155.494
  1792	155.35
  1793	155.351
  1794	155.511
  1795	155.822
  1796	156.261
  1797	156.781
  1798	157.33
  1799	157.853
  1800	158.305
  1801	158.652
  1802	158.877
  1803	158.972
  1804	158.939
  1805	158.788
  1806	158.531
  1807	158.181
  1808	157.753
  1809	157.262
  1810	156.723
  1811	156.151
  1812	155.556
  1813	154.955
  1814	154.362
  1815	153.799
  1816	153.285
  1817	152.843
  1818	152.488
  1819	152.224
  1820	152.041
  1821	151.917
  1822	151.817
  1823	151.702
  1824	151.54
  1825	151.308
  1826	151.002
  1827	150.632
  1828	150.227
  1829	149.823
  1830	149.459
  1831	149.164
  1832	148.953
  1833	148.814
  1834	148.721
  1835	148.632
  1836	148.511
  1837	148.338
  1838	148.117
  1839	147.878
  1840	147.661
  1841	147.509
  1842	147.442
  1843	147.45
  1844	147.494
  1845	147.515
  1846	147.456
  1847	147.277
  1848	146.973
  1849	146.567
  1850	146.108
  1851	145.651
  1852	145.241
  1853	144.901
  1854	144.627
  1855	144.397
  1856	144.182
  1857	143.955
  1858	143.701
  1859	143.425
  1860	143.145
  1861	142.889
  1862	142.683
  1863	142.544
  1864	142.469
  1865	142.443
  1866	142.438
  1867	142.434
  1868	142.42
  1869	142.41
  1870	142.434
  1871	142.534
  1872	142.746
  1873	143.087
  1874	143.549
  1875	144.099
  1876	144.689
  1877	145.274
  1878	145.817
  1879	146.3
  1880	146.724
  1881	147.1
  1882	147.444
  1883	147.763
  1884	148.05
  1885	148.282
  1886	148.425
  1887	148.445
  1888	148.312
  1889	148.011
  1890	147.551
  1891	146.959
  1892	146.279
  1893	145.568
  1894	144.886
  1895	144.281
  1896	143.788
  1897	143.421
  1898	143.178
  1899	143.04
  1900	142.985
  1901	142.991
  1902	143.042
  1903	143.133
  1904	143.268
  1905	143.459
  1906	143.715
  1907	144.035
  1908	144.405
  1909	144.794
  1910	145.159
  1911	145.452
  1912	145.632
  1913	145.67
  1914	145.558
  1915	145.307
  1916	144.95
  1917	144.528
  1918	144.089
  1919	143.67
  1920	143.289
  1921	142.94
  1922	142.598
  1923	142.226
  1924	141.796
  1925	141.295
  1926	140.74
  1927	140.178
  1928	139.669
  1929	139.278
  1930	139.048
  1931	138.989
  1932	139.076
  1933	139.256
  1934	139.468
  1935	139.656
  1936	139.789
  1937	139.861
  1938	139.891
  1939	139.917
  1940	139.981
  1941	140.113
  1942	140.319
  1943	140.578
  1944	140.84
  1945	141.042
  1946	141.121
  1947	141.035
  1948	140.775
  1949	140.367
  1950	139.866
  1951	139.339
  1952	138.845
  1953	138.415
  1954	138.049
  1955	137.715
  1956	137.372
  1957	136.987
  1958	136.549
  1959	136.078
  1960	135.619
  1961	135.231
  1962	134.975
  1963	134.891
  1964	134.997
  1965	135.279
  1966	135.701
  1967	136.21
  1968	136.753
  1969	137.289
  1970	137.791
  1971	138.249
  1972	138.667
  1973	139.055
  1974	139.417
  1975	139.751
  1976	140.041
  1977	140.267
  1978	140.406
  1979	140.44
  1980	140.364
  1981	140.184
  1982	139.917
  1983	139.593
  1984	139.243
  1985	138.898
  1986	138.581
  1987	138.3
  1988	138.05
  1989	137.811
  1990	137.556
  1991	137.254
  1992	136.883
  1993	136.432
  1994	135.902
  1995	135.312
  1996	134.684
  1997	134.045
  1998	133.413
  1999	132.797
  2000	132.194
  2001	131.592
