1 -61.5063 135.185
2 -61.3009 134.942
3 -61.2411 134.735
4 -61.3556 134.572
5 -61.6368 134.427
6 -62.0456 134.25
7 -62.5259 133.989
8 -63.0229 133.602
9 -63.4974 133.082
10 -63.9386 132.453
11 -64.3632 131.775
12 -64.8091 131.118
13 -65.3192 130.552
14 -65.924 130.118
15 -66.6245 129.825
16 -67.3835 129.642
17 -68.1287 129.518
18 -68.7679 129.399
19 -69.2092 129.244
20 -69.3784 129.037
21 -69.2326 128.784
22 -68.7656 128.506
23 -68.0045 128.225
24 -67.0011 127.962
25 -65.8223 127.731
26 -64.5355 127.543
27 -63.1994 127.405
28 -61.8548 127.32
29 -60.523 127.283
30 -59.2175 127.289
31 -57.9526 127.328
32 -56.7525 127.391
33 -55.6536 127.474
34 -54.7037 127.582
35 -53.9574 127.731
36 -53.4609 127.936
37 -53.2393 128.211
38 -53.2849 128.558
39 -53.5574 128.966
40 -53.9876 129.414
41 -54.4917 129.874
42 -54.9864 130.315
43 -55.4061 130.713
44 -55.7132 131.045
45 -55.9008 131.294
46 -55.9886 131.456
47 -56.0131 131.536
48 -56.0168 131.559
49 -56.0338 131.561
50 -56.081 131.579
51 -56.156 131.643
52 -56.2413 131.764
53 -56.3142 131.925
54 -56.3587 132.095
55 -56.3742 132.234
56 -56.3795 132.316
57 -56.4088 132.333
58 -56.5025 132.3
59 -56.6933 132.252
60 -56.9957 132.223
61 -57.3987 132.238
62 -57.8674 132.304
63 -58.3484 132.408
64 -58.7841 132.528
65 -59.1272 132.643
66 -59.3522 132.747
67 -59.4605 132.854
68 -59.4802 132.998
69 -59.458 133.226
70 -59.446 133.582
71 -59.4847 134.098
72 -59.5886 134.772
73 -59.7383 135.573
74 -59.8837 136.441
75 -59.9574 137.303
76 -59.894 138.088
77 -59.6459 138.739
78 -59.1981 139.218
79 -58.5721 139.512
80 -57.8195 139.627
81 -57.0104 139.584
82 -56.2171 139.411
83 -55.4952 139.129
84 -54.8746 138.749
85 -54.3603 138.269
86 -53.9414 137.679
87 -53.6091 136.973
88 -53.3705 136.151
89 -53.2596 135.24
90 -53.339 134.287
91 -53.6887 133.365
92 -54.3862 132.552
93 -55.4827 131.919
94 -56.9806 131.51
95 -58.8241 131.326
96 -60.9043 131.334
97 -63.0794 131.476
98 -65.2067 131.693
99 -67.1676 131.942
100 -68.8785 132.202
101 -70.2971 132.477
102 -71.4163 132.78
103 -72.2548 133.122
104 -72.8435 133.506
105 -73.2131 133.917
106 -73.3822 134.333
107 -73.354 134.731
108 -73.1169 135.093
109 -72.6538 135.417
110 -71.9519 135.708
111 -71.0131 135.974
112 -69.8588 136.217
113 -68.5343 136.429
114 -67.1033 136.59
115 -65.6317 136.676
116 -64.1777 136.671
117 -62.7836 136.564
118 -61.4677 136.349
119 -60.2258 136.025
120 -59.0443 135.589
121 -57.909 135.04
122 -56.8146 134.381
123 -55.7766 133.631
124 -54.836 132.824
125 -54.0546 132.019
126 -53.5041 131.281
127 -53.2526 130.679
128 -53.3444 130.265
129 -53.7852 130.065
130 -54.5335 130.081
131 -55.5062 130.294
132 -56.5972 130.68
133 -57.6987 131.218
134 -58.725 131.891
135 -59.628 132.692
136 -60.3954 133.616
137 -61.0394 134.655
138 -61.5803 135.797
139 -62.0323 137.021
140 -62.3942 138.301
141 -62.648 139.605
142 -62.7649 140.895
143 -62.7156 142.125
144 -62.4798 143.248
145 -62.0567 144.216
146 -61.4709 144.995
147 -60.7743 145.576
148 -60.042 145.984
149 -59.3625 146.276
150 -58.824 146.524
151 -58.4937 146.794
152 -58.4025 147.127
153 -58.5412 147.526
154 -58.8659 147.964
155 -59.3164 148.398
156 -59.8358 148.796
157 -60.3888 149.145
158 -60.9707 149.46
159 -61.6036 149.777
160 -62.3259 150.139
161 -63.1723 150.582
162 -64.1572 151.124
163 -65.2584 151.765
164 -66.4173 152.492
165 -67.5529 153.282
166 -68.5816 154.109
167 -69.4358 154.939
168 -70.0805 155.739
169 -70.5197 156.479
170 -70.7878 157.134
171 -70.9381 157.69
172 -71.0268 158.151
173 -71.0955 158.536
174 -71.1595 158.867
175 -71.2071 159.154
176 -71.2045 159.391
177 -71.111 159.552
178 -70.8919 159.603
179 -70.5309 159.515
180 -70.0353 159.275
181 -69.4381 158.892
182 -68.792 158.393
183 -68.1592 157.812
184 -67.5964 157.174
185 -67.1421 156.492
186 -66.8072 155.758
187 -66.576 154.959
188 -66.415 154.079
189 -66.2859 153.113
190 -66.1614 152.075
191 -66.0317 150.989
192 -65.9076 149.883
193 -65.8132 148.79
194 -65.775 147.739
195 -65.8074 146.749
196 -65.9065 145.829
197 -66.0452 144.979
198 -66.1781 144.194
199 -66.2485 143.463
200 -66.1998 142.78
201 -65.9847 142.143
202 -65.5735 141.557
203 -64.9614 141.038
204 -64.1667 140.605
205 -63.2292 140.277
206 -62.202 140.067
207 -61.1413 139.983
208 -60.0991 140.021
209 -59.1181 140.168
210 -58.2294 140.4
211 -57.4582 140.686
212 -56.8278 140.991
213 -56.3659 141.282
214 -56.1053 141.527
215 -56.0785 141.703
216 -56.3101 141.796
217 -56.8071 141.8
218 -57.5512 141.716
219 -58.4961 141.551
220 -59.5714 141.311
221 -60.6911 140.998
222 -61.7686 140.613
223 -62.7278 140.154
224 -63.5121 139.625
225 -64.0953 139.042
226 -64.4748 138.43
227 -64.6653 137.825
228 -64.6874 137.273
229 -64.5564 136.819
230 -64.2764 136.494
231 -63.838 136.311
232 -63.2226 136.26
233 -62.4115 136.314
234 -61.3942 136.437
235 -60.1765 136.595
236 -58.785 136.764
237 -57.27 136.94
238 -55.6972 137.13
239 -54.1416 137.353
240 -52.6783 137.63
241 -51.3715 137.976
242 -50.267 138.39
243 -49.384 138.859
244 -48.7189 139.353
245 -48.2566 139.834
246 -47.9803 140.26
247 -47.8802 140.599
248 -47.9561 140.832
249 -48.2145 140.959
250 -48.6592 140.994
251 -49.2805 140.957
252 -50.0475 140.867
253 -50.9058 140.729
254 -51.7838 140.538
255 -52.6 140.273
256 -53.2784 139.909
257 -53.7617 139.428
258 -54.0208 138.829
259 -54.0579 138.129
260 -53.903 137.366
261 -53.6064 136.593
262 -53.2252 135.867
263 -52.81 135.244
264 -52.3949 134.766
265 -51.9953 134.464
266 -51.6122 134.346
267 -51.24 134.406
268 -50.8776 134.624
269 -50.5346 134.979
270 -50.2347 135.452
271 -50.0116 136.03
272 -49.8994 136.703
273 -49.9228 137.459
274 -50.0891 138.273
275 -50.3851 139.107
276 -50.7817 139.911
277 -51.2428 140.634
278 -51.7363 141.234
279 -52.2434 141.688
280 -52.7607 141.987
281 -53.3004 142.139
282 -53.8855 142.156
283 -54.5403 142.05
284 -55.2811 141.83
285 -56.1111 141.498
286 -57.0141 141.059
287 -57.9546 140.52
288 -58.884 139.897
289 -59.7483 139.209
290 -60.4909 138.48
291 -61.0634 137.732
292 -61.4319 136.981
293 -61.58 136.246
294 -61.508 135.541
295 -61.23 134.882
296 -60.7673 134.277
297 -60.1418 133.731
298 -59.3752 133.243
299 -58.4901 132.811
300 -57.5105 132.429
301 -56.4686 132.095
302 -55.4075 131.809
303 -54.3838 131.574
304 -53.462 131.398
305 -52.7062 131.282
306 -52.1701 131.229
307 -51.8892 131.236
308 -51.8787 131.299
309 -52.1312 131.415
310 -52.6187 131.58
311 -53.2984 131.795
312 -54.1181 132.054
313 -55.0253 132.343
314 -55.9734 132.641
315 -56.9261 132.92
316 -57.8592 133.157
317 -58.7595 133.34
318 -59.6181 133.469
319 -60.4255 133.562
320 -61.166 133.641
321 -61.8168 133.723
322 -62.3461 133.814
323 -62.7171 133.899
324 -62.8957 133.955
325 -62.8561 133.953
326 -62.5887 133.875
327 -62.1055 133.721
328 -61.4361 133.512
329 -60.6253 133.285
330 -59.7261 133.08
331 -58.7935 132.936
332 -57.8742 132.878
333 -57.0021 132.92
334 -56.197 133.066
335 -55.4716 133.318
336 -54.8372 133.674
337 -54.311 134.134
338 -53.9213 134.701
339 -53.7087 135.373
340 -53.7215 136.151
341 -54.0064 137.029
342 -54.598 138.003
343 -55.5085 139.06
344 -56.7215 140.184
345 -58.1934 141.349
346 -59.8602 142.525
347 -61.6462 143.672
348 -63.48 144.756
349 -65.3056 145.754
350 -67.0811 146.655
351 -68.7767 147.46
352 -70.3724 148.175
353 -71.8493 148.801
354 -73.1858 149.327
355 -74.3637 149.732
356 -75.3678 149.989
357 -76.1879 150.077
358 -76.8233 149.987
359 -77.2843 149.733
360 -77.5934 149.346
361 -77.7812 148.868
362 -77.884 148.344
363 -77.9363 147.809
364 -77.9642 147.283
365 -77.9799 146.772
366 -77.9823 146.273
367 -77.9597 145.782
368 -77.8951 145.298
369 -77.7709 144.824
370 -77.5728 144.365
371 -77.2915 143.924
372 -76.9224 143.498
373 -76.4676 143.084
374 -75.9335 142.676
375 -75.3286 142.266
376 -74.6602 141.846
377 -73.932 141.404
378 -73.1438 140.93
379 -72.2931 140.412
380 -71.3767 139.843
381 -70.3983 139.218
382 -69.3711 138.545
383 -68.3216 137.839
384 -67.287 137.123
385 -66.3112 136.419
386 -65.436 135.747
387 -64.6951 135.118
388 -64.1101 134.534
389 -63.691 133.995
390 -63.435 133.493
391 -63.3307 133.022
392 -63.3594 132.57
393 -63.5003 132.12
394 -63.7351 131.647
395 -64.0536 131.131
396 -64.4568 130.554
397 -64.9573 129.917
398 -65.576 129.229
399 -66.3349 128.513
400 -67.2458 127.794
401 -68.3036 127.091
402 -69.4825 126.412
403 -70.7414 125.748
404 -72.0308 125.082
405 -73.3041 124.39
406 -74.5232 123.657
407 -75.659 122.881
408 -76.6892 122.074
409 -77.5939 121.268
410 -78.3493 120.499
411 -78.929 119.804
412 -79.3063 119.211
413 -79.4565 118.73
414 -79.3613 118.36
415 -79.0134 118.09
416 -78.4165 117.907
417 -77.586 117.809
418 -76.5512 117.812
419 -75.3558 117.947
420 -74.0562 118.251
421 -72.714 118.754
422 -71.3911 119.467
423 -70.136 120.374
424 -68.9761 121.437
425 -67.9197 122.598
426 -66.9611 123.79
427 -66.0897 124.949
428 -65.2999 126.022
429 -64.5961 126.971
430 -63.9895 127.776
431 -63.4944 128.427
432 -63.1202 128.923
433 -62.8671 129.26
434 -62.7231 129.432
435 -62.6685 129.428
436 -62.6793 129.234
437 -62.732 128.841
438 -62.8061 128.251
439 -62.8887 127.485
440 -62.9732 126.587
441 -63.0614 125.619
442 -63.1612 124.661
443 -63.285 123.791
444 -63.4469 123.069
445 -63.6531 122.541
446 -63.8997 122.227
447 -64.1723 122.13
448 -64.4486 122.247
449 -64.7068 122.571
450 -64.9329 123.096
451 -65.1228 123.813
452 -65.2797 124.707
453 -65.4066 125.75
454 -65.5017 126.905
455 -65.5542 128.13
456 -65.5504 129.384
457 -65.4795 130.639
458 -65.3403 131.883
459 -65.1448 133.115
460 -64.9159 134.335
461 -64.6812 135.539
462 -64.4676 136.713
463 -64.2938 137.835
464 -64.1674 138.88
465 -64.0868 139.821
466 -64.0427 140.635
467 -64.0217 141.301
468 -64.008 141.803
469 -63.9841 142.134
470 -63.9305 142.295
471 -63.827 142.296
472 -63.6533 142.153
473 -63.3909 141.882
474 -63.0245 141.493
475 -62.5445 140.987
476 -61.9477 140.358
477 -61.2399 139.597
478 -60.44 138.708
479 -59.58 137.712
480 -58.7074 136.656
481 -57.8783 135.604
482 -57.149 134.626
483 -56.5668 133.777
484 -56.1611 133.087
485 -55.939 132.561
486 -55.8895 132.177
487 -55.9871 131.908
488 -56.2024 131.724
489 -56.5057 131.604
490 -56.8714 131.534
491 -57.2784 131.505
492 -57.7065 131.501
493 -58.1364 131.501
494 -58.5481 131.478
495 -58.9202 131.406
496 -59.2312 131.266
497 -59.4621 131.049
498 -59.5982 130.764
499 -59.6293 130.429
500 -59.5517 130.07
501 -59.3694 129.713
502 -59.0907 129.385
503 -58.7282 129.109
504 -58.2968 128.903
505 -57.8136 128.778
506 -57.2959 128.736
507 -56.7603 128.765
508 -56.2201 128.845
509 -55.6854 128.953
510 -55.1639 129.068
511 -54.6619 129.178
512 -54.1844 129.282
513 -53.7389 129.385
514 -53.337 129.493
515 -52.9942 129.603
516 -52.7321 129.707
517 -52.5786 129.788
518 -52.5663 129.832
519 -52.7298 129.83
520 -53.0987 129.786
521 -53.6905 129.713
522 -54.505 129.624
523 -55.5205 129.525
524 -56.696 129.41
525 -57.98 129.262
526 -59.3215 129.066
527 -60.6761 128.808
528 -62.0104 128.491
529 -63.3017 128.129
530 -64.5381 127.747
531 -65.7118 127.363
532 -66.8163 126.991
533 -67.8451 126.631
534 -68.7925 126.277
535 -69.6545 125.922
536 -70.4323 125.568
537 -71.1297 125.229
538 -71.7544 124.936
539 -72.3164 124.73
540 -72.8288 124.651
541 -73.3043 124.731
542 -73.7538 124.987
543 -74.1822 125.415
544 -74.5861 125.995
545 -74.9525 126.694
546 -75.2611 127.473
547 -75.4905 128.297
548 -75.624 129.135
549 -75.6553 129.966
550 -75.5889 130.78
551 -75.4398 131.571
552 -75.2281 132.342
553 -74.9754 133.087
554 -74.702 133.795
555 -74.4242 134.445
556 -74.156 135.009
557 -73.9105 135.455
558 -73.7004 135.756
559 -73.5379 135.898
560 -73.4343 135.884
561 -73.3972 135.729
562 -73.4281 135.459
563 -73.5235 135.097
564 -73.6734 134.66
565 -73.8615 134.15
566 -74.0682 133.563
567 -74.2698 132.893
568 -74.4433 132.14
569 -74.5675 131.316
570 -74.6283 130.443
571 -74.6199 129.551
572 -74.5479 128.673
573 -74.4293 127.837
574 -74.289 127.066
575 -74.1558 126.384
576 -74.0561 125.82
577 -74.0116 125.409
578 -74.0348 125.192
579 -74.1297 125.21
580 -74.2928 125.484
581 -74.5149 126.008
582 -74.7835 126.751
583 -75.0847 127.654
584 -75.4055 128.649
585 -75.7341 129.672
586 -76.0617 130.668
587 -76.3827 131.605
588 -76.6936 132.461
589 -76.9921 133.228
590 -77.2775 133.902
591 -77.5481 134.478
592 -77.803 134.954
593 -78.0433 135.325
594 -78.2742 135.59
595 -78.5106 135.75
596 -78.775 135.809
597 -79.0974 135.777
598 -79.5074 135.671
599 -80.0247 135.514
600 -80.6519 135.336
601 -81.3671 135.168
602 -82.1253 135.034
603 -82.8685 134.942
604 -83.5387 134.878
605 -84.0882 134.813
606 -84.4901 134.709
607 -84.7416 134.532
608 -84.8602 134.267
609 -84.8767 133.914
610 -84.8263 133.497
611 -84.7384 133.04
612 -84.6322 132.567
613 -84.5151 132.083
614 -84.3864 131.578
615 -84.2451 131.032
616 -84.0944 130.43
617 -83.9483 129.779
618 -83.8312 129.113
619 -83.7744 128.486
620 -83.8097 127.964
621 -83.9614 127.602
622 -84.2355 127.426
623 -84.6155 127.424
624 -85.0635 127.552
625 -85.5277 127.75
626 -85.9547 127.96
627 -86.3037 128.144
628 -86.5591 128.288
629 -86.7355 128.407
630 -86.8735 128.526
631 -87.0289 128.679
632 -87.2583 128.889
633 -87.6046 129.165
634 -88.0874 129.504
635 -88.7037 129.887
636 -89.4355 130.296
637 -90.2611 130.715
638 -91.1596 131.132
639 -92.1165 131.546
640 -93.126 131.965
641 -94.1841 132.403
642 -95.2805 132.871
643 -96.3977 133.375
644 -97.5069 133.902
645 -98.5677 134.42
646 -99.5329 134.889
647 -100.354 135.265
648 -100.992 135.515
649 -101.419 135.63
650 -101.627 135.623
651 -101.63 135.527
652 -101.461 135.387
653 -101.175 135.244
654 -100.832 135.129
655 -100.489 135.056
656 -100.187 135.021
657 -99.9401 135.016
658 -99.7378 135.032
659 -99.5525 135.071
660 -99.3521 135.139
661 -99.1124 135.243
662 -98.826 135.385
663 -98.5044 135.557
664 -98.1708 135.75
665 -97.8498 135.953
666 -97.5566 136.158
667 -97.2907 136.359
668 -97.035 136.552
669 -96.7602 136.727
670 -96.432 136.868
671 -96.0175 136.956
672 -95.495 136.971
673 -94.8554 136.906
674 -94.1064 136.769
675 -93.2773 136.588
676 -92.4126 136.401
677 -91.5669 136.25
678 -90.7884 136.166
679 -90.1073 136.163
680 -89.5302 136.238
681 -89.0376 136.373
682 -88.5915 136.54
683 -88.1483 136.706
684 -87.6727 136.842
685 -87.1478 136.928
686 -86.5759 136.958
687 -85.9784 136.94
688 -85.3858 136.897
689 -84.8298 136.861
690 -84.3321 136.859
691 -83.9004 136.906
692 -83.5268 137
693 -83.1937 137.116
694 -82.8805 137.218
695 -82.5734 137.266
696 -82.2711 137.234
697 -81.988 137.114
698 -81.75 136.924
699 -81.5876 136.697
700 -81.5246 136.479
701 -81.5694 136.306
702 -81.709 136.194
703 -81.9102 136.138
704 -82.1261 136.105
705 -82.3073 136.054
706 -82.4136 135.947
707 -82.4222 135.762
708 -82.3337 135.505
709 -82.1722 135.207
710 -81.9789 134.919
711 -81.8004 134.695
712 -81.6738 134.58
713 -81.6135 134.599
714 -81.6036 134.757
715 -81.6005 135.044
716 -81.5456 135.44
717 -81.383 135.924
718 -81.075 136.479
719 -80.6101 137.091
720 -80.0044 137.747
721 -79.2955 138.436
722 -78.5293 139.143
723 -77.749 139.854
724 -76.9842 140.551
725 -76.2502 141.212
726 -75.5488 141.813
727 -74.8722 142.331
728 -74.2114 142.747
729 -73.5635 143.052
730 -72.9373 143.247
731 -72.3571 143.348
732 -71.8624 143.379
733 -71.5025 143.365
734 -71.3259 143.326
735 -71.3669 143.271
736 -71.6348 143.199
737 -72.11 143.107
738 -72.7463 142.994
739 -73.4807 142.864
740 -74.2474 142.731
741 -74.989 142.608
742 -75.6661 142.51
743 -76.2551 142.439
744 -76.7475 142.393
745 -77.1464 142.366
746 -77.4601 142.351
747 -77.6965 142.346
748 -77.8622 142.357
749 -77.9613 142.392
750 -77.9943 142.459
751 -77.9612 142.559
752 -77.8622 142.681
753 -77.7005 142.806
754 -77.4824 142.915
755 -77.217 142.99
756 -76.9147 143.025
757 -76.5851 143.023
758 -76.233 142.993
759 -75.8573 142.942
760 -75.4483 142.873
761 -74.9885 142.78
762 -74.4534 142.649
763 -73.8163 142.467
764 -73.0543 142.221
765 -72.155 141.909
766 -71.1219 141.545
767 -69.9756 141.154
768 -68.7539 140.775
769 -67.5063 140.455
770 -66.2808 140.237
771 -65.116 140.153
772 -64.0364 140.218
773 -63.0501 140.417
774 -62.1555 140.712
775 -61.3488 141.05
776 -60.629 141.374
777 -60.0009 141.641
778 -59.4744 141.829
779 -59.0598 141.939
780 -58.7608 141.985
781 -58.5712 141.981
782 -58.4729 141.925
783 -58.4362 141.796
784 -58.4246 141.552
785 -58.4007 141.146
786 -58.3319 140.537
787 -58.1965 139.703
788 -57.9865 138.656
789 -57.7082 137.429
790 -57.3793 136.077
791 -57.0233 134.655
792 -56.6623 133.215
793 -56.3118 131.798
794 -55.9766 130.436
795 -55.6527 129.156
796 -55.3316 127.981
797 -55.0067 126.93
798 -54.6792 126.017
799 -54.3604 125.253
800 -54.0681 124.636
801 -53.8191 124.161
802 -53.6228 123.813
803 -53.4729 123.578
804 -53.3493 123.438
805 -53.2219 123.38
806 -53.0601 123.397
807 -52.8426 123.494
808 -52.5637 123.68
809 -52.2362 123.972
810 -51.8836 124.388
811 -51.5349 124.939
812 -51.2123 125.623
813 -50.9254 126.419
814 -50.6663 127.289
815 -50.413 128.179
816 -50.1357 129.032
817 -49.8058 129.796
818 -49.4027 130.438
819 -48.9198 130.946
820 -48.3667 131.329
821 -47.7685 131.609
822 -47.1618 131.808
823 -46.5851 131.942
824 -46.0741 132.012
825 -45.6592 132.006
826 -45.3643 131.907
827 -45.2087 131.699
828 -45.2101 131.379
829 -45.3864 130.96
830 -45.7566 130.467
831 -46.3401 129.939
832 -47.1528 129.42
833 -48.2036 128.953
834 -49.4907 128.582
835 -50.9953 128.342
836 -52.6804 128.261
837 -54.4907 128.354
838 -56.355 128.616
839 -58.1924 129.026
840 -59.9201 129.545
841 -61.4629 130.13
842 -62.7658 130.738
843 -63.7977 131.336
844 -64.5493 131.909
845 -65.0325 132.46
846 -65.2721 133.009
847 -65.2986 133.586
848 -65.1435 134.216
849 -64.8365 134.916
850 -64.4021 135.682
851 -63.8617 136.491
852 -63.2335 137.306
853 -62.5372 138.084
854 -61.7958 138.787
855 -61.0394 139.388
856 -60.3044 139.872
857 -59.6327 140.243
858 -59.0623 140.519
859 -58.6213 140.729
860 -58.3205 140.91
861 -58.1509 141.089
862 -58.086 141.281
863 -58.0903 141.479
864 -58.1304 141.661
865 -58.1867 141.795
866 -58.2603 141.856
867 -58.3712 141.829
868 -58.5518 141.725
869 -58.8341 141.57
870 -59.2354 141.402
871 -59.7503 141.255
872 -60.3479 141.142
873 -60.978 141.055
874 -61.5833 140.962
875 -62.1115 140.825
876 -62.5244 140.615
877 -62.7997 140.321
878 -62.931 139.954
879 -62.9243 139.54
880 -62.7897 139.105
881 -62.5384 138.667
882 -62.1774 138.232
883 -61.7112 137.791
884 -61.1423 137.334
885 -60.4735 136.855
886 -59.7163 136.365
887 -58.8979 135.89
888 -58.0647 135.474
889 -57.2842 135.16
890 -56.6391 134.987
891 -56.2144 134.98
892 -56.0768 135.146
893 -56.2587 135.474
894 -56.7513 135.937
895 -57.5078 136.498
896 -58.4565 137.112
897 -59.5212 137.733
898 -60.6306 138.321
899 -61.7271 138.846
900 -62.7743 139.297
901 -63.7506 139.679
902 -64.6442 140.008
903 -65.448 140.297
904 -66.1569 140.556
905 -66.7611 140.782
906 -67.2479 140.966
907 -67.6031 141.097
908 -67.814 141.176
909 -67.8744 141.216
910 -67.7888 141.248
911 -67.5763 141.307
912 -67.2688 141.421
913 -66.907 141.603
914 -66.5293 141.842
915 -66.1623 142.115
916 -65.8135 142.393
917 -65.4727 142.655
918 -65.1178 142.888
919 -64.7256 143.092
920 -64.2809 143.268
921 -63.7835 143.415
922 -63.2498 143.526
923 -62.7088 143.59
924 -62.1945 143.599
925 -61.7407 143.552
926 -61.3729 143.457
927 -61.1049 143.33
928 -60.9346 143.186
929 -60.8462 143.03
930 -60.8106 142.853
931 -60.7926 142.637
932 -60.7566 142.358
933 -60.6739 142.001
934 -60.5273 141.562
935 -60.3106 141.048
936 -60.0269 140.473
937 -59.6813 139.853
938 -59.2763 139.199
939 -58.8065 138.519
940 -58.2591 137.814
941 -57.619 137.084
942 -56.8765 136.329
943 -56.0371 135.557
944 -55.1267 134.789
945 -54.1945 134.058
946 -53.3085 133.412
947 -52.5446 132.905
948 -51.9742 132.59
949 -51.6486 132.51
950 -51.5895 132.684
951 -51.7857 133.102
952 -52.1977 133.73
953 -52.7687 134.507
954 -53.439 135.369
955 -54.1555 136.25
956 -54.8799 137.101
957 -55.5901 137.896
958 -56.2774 138.629
959 -56.9389 139.304
960 -57.5717 139.927
961 -58.1639 140.493
962 -58.6934 140.981
963 -59.1307 141.356
964 -59.4457 141.582
965 -59.6163 141.627
966 -59.6351 141.48
967 -59.5137 141.156
968 -59.2824 140.692
969 -58.9838 140.141
970 -58.6638 139.563
971 -58.3597 139.007
972 -58.0931 138.511
973 -57.8649 138.09
974 -57.6565 137.743
975 -57.438 137.459
976 -57.1765 137.227
977 -56.8435 137.041
978 -56.4241 136.902
979 -55.9193 136.826
980 -55.348 136.827
981 -54.7449 136.919
982 -54.1534 137.108
983 -53.6191 137.387
984 -53.1806 137.74
985 -52.8648 138.141
986 -52.6845 138.562
987 -52.6409 138.979
988 -52.7245 139.367
989 -52.9207 139.714
990 -53.2119 140.008
991 -53.581 140.241
992 -54.0131 140.408
993 -54.4951 140.502
994 -55.0139 140.513
995 -55.555 140.435
996 -56.1005 140.264
997 -56.6301 140.003
998 -57.1199 139.661
999 -57.544 139.254
1000 -57.884 138.804
1001 -58.1318 138.331
1002 -58.2968 137.858
1003 -58.4052 137.408
1004 -58.5005 137.01
1005 -58.6358 136.697
1006 -58.8645 136.508
1007 -59.2293 136.475
1008 -59.7527 136.624
1009 -60.43 136.962
1010 -61.2284 137.475
1011 -62.0954 138.13
1012 -62.9694 138.882
1013 -63.791 139.681
1014 -64.5116 140.482
1015 -65.1011 141.254
1016 -65.5472 141.981
1017 -65.8515 142.666
1018 -66.0264 143.318
1019 -66.0884 143.951
1020 -66.0534 144.573
1021 -65.9312 145.178
1022 -65.7251 145.747
1023 -65.4332 146.257
1024 -65.0521 146.682
1025 -64.5839 147.011
1026 -64.0413 147.247
1027 -63.4496 147.41
1028 -62.8445 147.528
1029 -62.2647 147.631
1030 -61.7421 147.735
1031 -61.2927 147.842
1032 -60.9107 147.932
1033 -60.5759 147.975
1034 -60.2614 147.938
1035 -59.9425 147.796
1036 -59.6067 147.537
1037 -59.2552 147.166
1038 -58.9005 146.703
1039 -58.5627 146.172
1040 -58.2626 145.595
1041 -58.0181 144.985
1042 -57.8417 144.342
1043 -57.7389 143.661
1044 -57.7087 142.934
1045 -57.7439 142.162
1046 -57.832 141.363
1047 -57.9577 140.567
1048 -58.1055 139.813
1049 -58.2619 139.136
1050 -58.4165 138.556
1051 -58.5599 138.077
1052 -58.6801 137.682
1053 -58.761 137.342
1054 -58.7789 137.021
1055 -58.7061 136.687
1056 -58.5166 136.315
1057 -58.1935 135.894
1058 -57.7363 135.426
1059 -57.1619 134.921
1060 -56.5043 134.399
1061 -55.8082 133.879
1062 -55.1192 133.383
1063 -54.4761 132.928
1064 -53.908 132.534
1065 -53.4333 132.218
1066 -53.0638 131.998
1067 -52.8062 131.888
1068 -52.6652 131.894
1069 -52.64 132.013
1070 -52.7255 132.235
1071 -52.9082 132.541
1072 -53.1692 132.905
1073 -53.4876 133.301
1074 -53.8433 133.704
1075 -54.2186 134.09
1076 -54.5965 134.441
1077 -54.9589 134.745
1078 -55.2852 134.996
1079 -55.5549 135.195
1080 -55.7513 135.348
1081 -55.8687 135.463
1082 -55.9185 135.55
1083 -55.9308 135.617
1084 -55.9503 135.676
1085 -56.028 135.738
1086 -56.2102 135.824
1087 -56.5275 135.954
1088 -56.9883 136.153
1089 -57.5778 136.437
1090 -58.262 136.807
1091 -58.9989 137.248
1092 -59.7491 137.728
1093 -60.4817 138.206
1094 -61.1804 138.647
1095 -61.8459 139.032
1096 -62.4918 139.359
1097 -63.1392 139.642
1098 -63.8087 139.902
1099 -64.5109 140.15
1100 -65.2398 140.383
1101 -65.9716 140.58
1102 -66.67 140.711
1103 -67.2988 140.752
1104 -67.8335 140.695
1105 -68.2725 140.561
1106 -68.6389 140.39
1107 -68.9728 140.237
1108 -69.3167 140.149
1109 -69.697 140.155
1110 -70.1125 140.256
1111 -70.5281 140.43
1112 -70.8833 140.637
1113 -71.1065 140.83
1114 -71.1333 140.966
1115 -70.9167 141.02
1116 -70.435 140.983
1117 -69.6949 140.868
1118 -68.7299 140.705
1119 -67.5972 140.531
1120 -66.3678 140.377
1121 -65.1136 140.26
1122 -63.8905 140.173
1123 -62.733 140.09
1124 -61.6522 139.97
1125 -60.6457 139.777
1126 -59.7145 139.493
1127 -58.8732 139.126
1128 -58.157 138.709
1129 -57.6168 138.294
1130 -57.301 137.93
1131 -57.2385 137.653
1132 -57.4242 137.468
1133 -57.817 137.352
1134 -58.3476 137.261
1135 -58.9344 137.147
1136 -59.5031 136.97
1137 -59.999 136.716
1138 -60.3957 136.391
1139 -60.6965 136.025
1140 -60.9293 135.657
1141 -61.1373 135.329
1142 -61.367 135.079
1143 -61.6562 134.93
1144 -62.0232 134.89
1145 -62.4629 134.954
1146 -62.9492 135.102
1147 -63.4435 135.311
1148 -63.9052 135.557
1149 -64.3021 135.821
1150 -64.6189 136.093
1151 -64.86 136.368
1152 -65.0461 136.649
1153 -65.2064 136.939
1154 -65.3691 137.244
1155 -65.5513 137.569
1156 -65.7557 137.917
1157 -65.9712 138.29
1158 -66.178 138.684
1159 -66.3572 139.091
1160 -66.497 139.497
1161 -66.6014 139.887
1162 -66.6902 140.245
1163 -66.7987 140.567
1164 -66.9711 140.861
1165 -67.2499 141.141
1166 -67.6623 141.424
1167 -68.2086 141.716
1168 -68.8566 142.006
1169 -69.5464 142.265
1170 -70.1999 142.452
1171 -70.7434 142.522
1172 -71.124 142.437
1173 -71.3223 142.181
1174 -71.3536 141.758
1175 -71.2576 141.198
1176 -71.0845 140.551
1177 -70.8807 139.874
1178 -70.6775 139.228
1179 -70.4856 138.661
1180 -70.2981 138.207
1181 -70.1012 137.885
1182 -69.883 137.7
1183 -69.6461 137.656
1184 -69.4116 137.763
1185 -69.221 138.039
1186 -69.1291 138.51
1187 -69.1947 139.2
1188 -69.4602 140.117
1189 -69.9368 141.246
1190 -70.5934 142.536
1191 -71.3602 143.91
1192 -72.1473 145.274
1193 -72.8684 146.536
1194 -73.4594 147.622
1195 -73.8906 148.492
1196 -74.1686 149.134
1197 -74.3279 149.569
1198 -74.4191 149.831
1199 -74.4929 149.954
1200 -74.5862 149.961
1201 -74.7124 149.853
1202 -74.8598 149.614
1203 -74.9971 149.219
1204 -75.0844 148.646
1205 -75.087 147.895
1206 -74.9845 146.991
1207 -74.777 145.987
1208 -74.4835 144.951
1209 -74.1356 143.95
1210 -73.7654 143.04
1211 -73.3922 142.243
1212 -73.0101 141.553
1213 -72.5875 140.936
1214 -72.0725 140.351
1215 -71.4071 139.767
1216 -70.5451 139.175
1217 -69.4661 138.592
1218 -68.1899 138.062
1219 -66.7781 137.636
1220 -65.3206 137.362
1221 -63.9149 137.266
1222 -62.6421 137.347
1223 -61.5445 137.58
1224 -60.6215 137.918
1225 -59.8433 138.312
1226 -59.1668 138.715
1227 -58.553 139.094
1228 -57.9799 139.431
1229 -57.4454 139.723
1230 -56.9649 139.972
1231 -56.5616 140.183
1232 -56.2534 140.361
1233 -56.0437 140.506
1234 -55.9161 140.616
1235 -55.8341 140.684
1236 -55.7481 140.707
1237 -55.6037 140.684
1238 -55.3546 140.624
1239 -54.9727 140.547
1240 -54.4541 140.473
1241 -53.819 140.428
1242 -53.1017 140.424
1243 -52.344 140.463
1244 -51.5809 140.531
1245 -50.8281 140.606
1246 -50.0808 140.658
1247 -49.3178 140.664
1248 -48.5086 140.609
1249 -47.6241 140.483
1250 -46.6447 140.282
1251 -45.5658 140.001
1252 -44.3951 139.635
1253 -43.1601 139.18
1254 -41.9076 138.643
1255 -40.6945 138.036
1256 -39.5834 137.386
1257 -38.6324 136.725
1258 -37.8818 136.088
1259 -37.3429 135.498
1260 -36.9964 134.967
1261 -36.8001 134.493
1262 -36.704 134.07
1263 -36.6689 133.697
1264 -36.6771 133.387
1265 -36.7352 133.169
1266 -36.8614 133.075
1267 -37.0708 133.128
1268 -37.3578 133.33
1269 -37.6868 133.656
1270 -37.9987 134.057
1271 -38.2234 134.472
1272 -38.3004 134.844
1273 -38.1941 135.133
1274 -37.9051 135.326
1275 -37.4721 135.441
1276 -36.9646 135.523
1277 -36.4708 135.628
1278 -36.0779 135.812
1279 -35.8559 136.119
1280 -35.843 136.564
1281 -36.0424 137.136
1282 -36.4275 137.798
1283 -36.9509 138.492
1284 -37.5597 139.161
1285 -38.2032 139.752
1286 -38.8419 140.234
1287 -39.4494 140.599
1288 -40.0138 140.862
1289 -40.5335 141.045
1290 -41.0099 141.17
1291 -41.4378 141.242
1292 -41.8003 141.246
1293 -42.0666 141.15
1294 -42.1991 140.919
1295 -42.1643 140.525
1296 -41.9506 139.961
1297 -41.5797 139.247
1298 -41.109 138.428
1299 -40.6229 137.561
1300 -40.2114 136.71
1301 -39.9464 135.93
1302 -39.8624 135.257
1303 -39.9523 134.707
1304 -40.1786 134.277
1305 -40.4876 133.953
1306 -40.8281 133.721
1307 -41.1613 133.567
1308 -41.4633 133.482
1309 -41.7216 133.458
1310 -41.931 133.488
1311 -42.0903 133.559
1312 -42.202 133.659
1313 -42.2731 133.773
1314 -42.3144 133.893
1315 -42.3396 134.01
1316 -42.36 134.125
1317 -42.3807 134.236
1318 -42.4003 134.34
1319 -42.4138 134.431
1320 -42.4191 134.498
1321 -42.4254 134.532
1322 -42.4571 134.528
1323 -42.5508 134.489
1324 -42.745 134.426
1325 -43.0642 134.354
1326 -43.5041 134.286
1327 -44.0238 134.228
1328 -44.555 134.175
1329 -45.0197 134.118
1330 -45.3514 134.043
1331 -45.5142 133.936
1332 -45.5078 133.791
1333 -45.3631 133.608
1334 -45.1323 133.404
1335 -44.8765 133.203
1336 -44.6563 133.04
1337 -44.5197 132.946
1338 -44.4951 132.944
1339 -44.5838 133.038
1340 -44.7597 133.21
1341 -44.9767 133.424
1342 -45.1827 133.634
1343 -45.3351 133.8
1344 -45.4138 133.894
1345 -45.4267 133.915
1346 -45.4066 133.878
1347 -45.3983 133.81
1348 -45.4408 133.737
1349 -45.5519 133.668
1350 -45.7202 133.589
1351 -45.9099 133.468
1352 -46.076 133.263
1353 -46.1811 132.939
1354 -46.2122 132.478
1355 -46.1886 131.895
1356 -46.1596 131.23
1357 -46.197 130.547
1358 -46.3746 129.917
1359 -46.7504 129.402
1360 -47.3497 129.043
1361 -48.1545 128.849
1362 -49.108 128.8
1363 -50.1285 128.858
1364 -51.126 128.978
1365 -52.0189 129.124
1366 -52.7474 129.274
1367 -53.2793 129.428
1368 -53.6122 129.598
1369 -53.7692 129.803
1370 -53.7857 130.058
1371 -53.6984 130.363
1372 -53.5344 130.707
1373 -53.3079 131.069
1374 -53.0217 131.423
1375 -52.6776 131.751
1376 -52.2888 132.045
1377 -51.8889 132.31
1378 -51.5379 132.567
1379 -51.3156 132.84
1380 -51.307 133.156
1381 -51.5847 133.533
1382 -52.1915 133.976
1383 -53.1303 134.474
1384 -54.3636 135.002
1385 -55.8234 135.526
1386 -57.4221 136.01
1387 -59.0667 136.418
1388 -60.6768 136.725
1389 -62.194 136.915
1390 -63.5893 136.98
1391 -64.8638 136.928
1392 -66.0376 136.774
1393 -67.143 136.542
1394 -68.2108 136.256
1395 -69.254 135.943
1396 -70.2628 135.621
1397 -71.2087 135.301
1398 -72.0517 134.98
1399 -72.7539 134.651
1400 -73.2915 134.297
1401 -73.6592 133.906
1402 -73.8702 133.47
1403 -73.9512 132.99
1404 -73.9354 132.48
1405 -73.854 131.957
1406 -73.7287 131.435
1407 -73.567 130.916
1408 -73.3587 130.388
1409 -73.0784 129.822
1410 -72.697 129.182
1411 -72.1942 128.442
1412 -71.576 127.6
1413 -70.8826 126.681
1414 -70.1918 125.743
1415 -69.6122 124.87
1416 -69.2599 124.149
1417 -69.2302 123.649
1418 -69.5698 123.406
1419 -70.2638 123.41
1420 -71.2415 123.613
1421 -72.3991 123.938
1422 -73.63 124.307
1423 -74.8472 124.656
1424 -75.9941 124.947
1425 -77.043 125.168
1426 -77.9834 125.328
1427 -78.8119 125.436
1428 -79.52 125.496
1429 -80.0904 125.49
1430 -80.4994 125.388
1431 -80.7203 125.146
1432 -80.7318 124.726
1433 -80.5239 124.109
1434 -80.1032 123.3
1435 -79.4972 122.339
1436 -78.7555 121.295
1437 -77.949 120.256
1438 -77.1609 119.318
1439 -76.4714 118.56
1440 -75.9418 118.032
1441 -75.5973 117.742
1442 -75.4228 117.66
1443 -75.3701 117.733
1444 -75.3731 117.899
1445 -75.3663 118.105
1446 -75.3037 118.318
1447 -75.1678 118.522
1448 -74.9721 118.72
1449 -74.7538 118.926
1450 -74.5607 119.152
1451 -74.4388 119.409
1452 -74.4212 119.696
1453 -74.521 120.01
1454 -74.7334 120.339
1455 -75.0412 120.673
1456 -75.4231 121.004
1457 -75.8601 121.332
1458 -76.3403 121.661
1459 -76.8617 122.005
1460 -77.4276 122.38
1461 -78.0411 122.8
1462 -78.6969 123.275
1463 -79.3749 123.801
1464 -80.039 124.364
1465 -80.6413 124.936
1466 -81.1302 125.484
1467 -81.4617 125.975
1468 -81.6082 126.381
1469 -81.5661 126.683
1470 -81.3603 126.879
1471 -81.0421 126.986
1472 -80.6817 127.037
1473 -80.3578 127.079
1474 -80.1415 127.164
1475 -80.081 127.336
1476 -80.1939 127.625
1477 -80.464 128.04
1478 -80.8531 128.568
1479 -81.3149 129.183
1480 -81.8082 129.854
1481 -82.3078 130.55
1482 -82.8052 131.256
1483 -83.3031 131.966
1484 -83.8055 132.679
1485 -84.3093 133.398
1486 -84.7966 134.115
1487 -85.2342 134.807
1488 -85.5808 135.439
1489 -85.7964 135.971
1490 -85.8524 136.363
1491 -85.743 136.593
1492 -85.4911 136.661
1493 -85.1494 136.592
1494 -84.7959 136.435
1495 -84.5224 136.253
1496 -84.4153 136.104
1497 -84.5348 136.032
1498 -84.8993 136.051
1499 -85.4827 136.151
1500 -86.2259 136.303
1501 -87.0567 136.468
1502 -87.9096 136.618
1503 -88.7407 136.74
1504 -89.5306 136.837
1505 -90.2806 136.932
1506 -91.0026 137.053
1507 -91.7086 137.226
1508 -92.4009 137.462
1509 -93.0675 137.753
1510 -93.682 138.072
1511 -94.2104 138.383
1512 -94.6206 138.651
1513 -94.8915 138.857
1514 -95.0205 138.999
1515 -95.0262 139.096
1516 -94.9426 139.175
1517 -94.8104 139.26
1518 -94.6626 139.358
1519 -94.5127 139.458
1520 -94.3498 139.526
1521 -94.1415 139.519
1522 -93.8441 139.396
1523 -93.4151 139.125
1524 -92.8233 138.69
1525 -92.0559 138.091
1526 -91.1195 137.345
1527 -90.039 136.475
1528 -88.8537 135.51
1529 -87.6108 134.482
1530 -86.3554 133.419
1531 -85.1259 132.347
1532 -83.9518 131.296
1533 -82.8519 130.299
1534 -81.8387 129.388
1535 -80.9348 128.611
1536 -80.1732 128.014
1537 -79.6013 127.646
1538 -79.2684 127.541
1539 -79.2129 127.717
1540 -79.4496 128.166
1541 -79.9569 128.853
1542 -80.6742 129.723
1543 -81.5128 130.707
1544 -82.3713 131.739
1545 -83.1499 132.757
1546 -83.7687 133.721
1547 -84.1753 134.6
1548 -84.3505 135.388
1549 -84.3069 136.093
1550 -84.0773 136.728
1551 -83.7048 137.309
1552 -83.2304 137.839
1553 -82.6808 138.313
1554 -82.0629 138.715
1555 -81.3667 139.021
1556 -80.5737 139.207
1557 -79.6678 139.258
1558 -78.6437 139.17
1559 -77.512 138.952
1560 -76.3018 138.625
1561 -75.0519 138.217
1562 -73.8004 137.759
1563 -72.577 137.281
1564 -71.3976 136.805
1565 -70.2592 136.343
1566 -69.1454 135.897
1567 -68.0359 135.464
1568 -66.9164 135.041
1569 -65.7905 134.634
1570 -64.6903 134.266
1571 -63.6781 133.979
1572 -62.8378 133.829
1573 -62.2628 133.879
1574 -62.0323 134.178
1575 -62.184 134.747
1576 -62.7006 135.566
1577 -63.5124 136.582
1578 -64.5116 137.71
1579 -65.5787 138.865
1580 -66.6097 139.97
1581 -67.5327 140.976
1582 -68.314 141.862
1583 -68.9524 142.63
1584 -69.4671 143.298
1585 -69.8833 143.888
1586 -70.2172 144.416
1587 -70.4682 144.885
1588 -70.616 145.284
1589 -70.626 145.586
1590 -70.4635 145.767
1591 -70.1056 145.812
1592 -69.5529 145.722
1593 -68.8383 145.521
1594 -68.0277 145.255
1595 -67.2089 144.981
1596 -66.4754 144.757
1597 -65.9016 144.622
1598 -65.5246 144.588
1599 -65.3364 144.637
1600 -65.2887 144.729
1601 -65.3124 144.813
1602 -65.3416 144.846
1603 -65.3335 144.8
1604 -65.2791 144.668
1605 -65.2032 144.465
1606 -65.1559 144.219
1607 -65.1946 143.963
1608 -65.3645 143.723
1609 -65.6825 143.513
1610 -66.1278 143.332
1611 -66.6465 143.169
1612 -67.1662 143.008
1613 -67.6134 142.836
1614 -67.9299 142.653
1615 -68.0838 142.469
1616 -68.0712 142.3
1617 -67.91 142.166
1618 -67.6295 142.078
1619 -67.2569 142.037
1620 -66.8068 142.03
1621 -66.2753 142.031
1622 -65.6409 142.008
1623 -64.8713 141.93
1624 -63.9339 141.769
1625 -62.8107 141.507
1626 -61.5077 141.139
1627 -60.0663 140.675
1628 -58.5599 140.14
1629 -57.086 139.567
1630 -55.7514 138.998
1631 -54.6513 138.473
1632 -53.8505 138.026
1633 -53.3718 137.673
1634 -53.1964 137.418
1635 -53.2702 137.251
1636 -53.523 137.151
1637 -53.8855 137.098
1638 -54.3028 137.073
1639 -54.7417 137.066
1640 -55.1903 137.074
1641 -55.6493 137.096
1642 -56.1212 137.135
1643 -56.602 137.192
1644 -57.0754 137.262
1645 -57.5141 137.339
1646 -57.8877 137.415
1647 -58.1701 137.484
1648 -58.3525 137.546
1649 -58.4484 137.612
1650 -58.4962 137.7
1651 -58.5524 137.842
1652 -58.6808 138.069
1653 -58.9355 138.412
1654 -59.346 138.886
1655 -59.9067 139.488
1656 -60.5778 140.195
1657 -61.2926 140.966
1658 -61.977 141.751
1659 -62.5663 142.506
1660 -63.0131 143.194
1661 -63.2959 143.791
1662 -63.417 144.294
1663 -63.398 144.709
1664 -63.2709 145.052
1665 -63.0678 145.34
1666 -62.8126 145.582
1667 -62.515 145.782
1668 -62.1679 145.928
1669 -61.7535 146.005
1670 -61.2509 145.997
1671 -60.6477 145.892
1672 -59.9483 145.69
1673 -59.1794 145.407
1674 -58.3877 145.067
1675 -57.6294 144.704
1676 -56.9559 144.347
1677 -56.4031 144.016
1678 -55.9769 143.715
1679 -55.6534 143.429
1680 -55.3905 143.134
1681 -55.1383 142.803
1682 -54.8526 142.413
1683 -54.5071 141.954
1684 -54.0992 141.429
1685 -53.6507 140.856
1686 -53.2045 140.26
1687 -52.8147 139.672
1688 -52.5322 139.12
1689 -52.3921 138.627
1690 -52.405 138.208
1691 -52.5542 137.869
1692 -52.8018 137.614
1693 -53.1004 137.438
1694 -53.4065 137.337
1695 -53.6901 137.305
1696 -53.9388 137.337
1697 -54.1545 137.426
1698 -54.3458 137.561
1699 -54.5194 137.729
1700 -54.6742 137.916
1701 -54.7991 138.104
1702 -54.8769 138.281
1703 -54.8902 138.439
1704 -54.8297 138.575
1705 -54.7005 138.696
1706 -54.5258 138.813
1707 -54.3455 138.937
1708 -54.2112 139.074
1709 -54.177 139.223
1710 -54.287 139.371
1711 -54.5663 139.496
1712 -55.0141 139.576
1713 -55.6007 139.589
1714 -56.2729 139.521
1715 -56.9642 139.364
1716 -57.6057 139.116
1717 -58.1358 138.776
1718 -58.509 138.345
1719 -58.6979 137.826
1720 -58.6894 137.223
1721 -58.4823 136.541
1722 -58.0806 135.785
1723 -57.4932 134.966
1724 -56.7321 134.095
1725 -55.8147 133.184
1726 -54.767 132.249
1727 -53.6291 131.31
1728 -52.4589 130.394
1729 -51.3338 129.54
1730 -50.3429 128.793
1731 -49.5788 128.2
1732 -49.1202 127.798
1733 -49.02 127.613
1734 -49.2922 127.644
1735 -49.9051 127.865
1736 -50.7898 128.224
1737 -51.8561 128.659
1738 -53.0086 129.104
1739 -54.1652 129.502
1740 -55.2736 129.817
1741 -56.3107 130.039
1742 -57.277 130.176
1743 -58.1868 130.254
1744 -59.0549 130.302
1745 -59.8862 130.344
1746 -60.6723 130.39
1747 -61.3961 130.439
1748 -62.0391 130.48
1749 -62.5914 130.497
1750 -63.0576 130.484
1751 -63.459 130.446
1752 -63.8306 130.4
1753 -64.2111 130.375
1754 -64.6345 130.4
1755 -65.1183 130.494
1756 -65.6545 130.658
1757 -66.2075 130.87
1758 -66.7221 131.087
1759 -67.1347 131.256
1760 -67.386 131.326
1761 -67.4368 131.261
1762 -67.2783 131.052
1763 -66.9379 130.715
1764 -66.4763 130.295
1765 -65.978 129.85
1766 -65.5327 129.439
1767 -65.2166 129.109
1768 -65.0763 128.885
1769 -65.1258 128.771
1770 -65.3507 128.758
1771 -65.7266 128.834
1772 -66.2319 128.993
1773 -66.8621 129.239
1774 -67.6308 129.588
1775 -68.5557 130.055
1776 -69.6469 130.649
1777 -70.8922 131.36
1778 -72.2482 132.16
1779 -73.6454 133
1780 -75.0003 133.821
1781 -76.2324 134.566
1782 -77.2732 135.19
1783 -78.0823 135.671
1784 -78.6517 136.012
1785 -78.9998 136.236
1786 -79.1701 136.381
1787 -79.2228 136.494
1788 -79.2202 136.613
1789 -79.2114 136.765
1790 -79.2202 136.955
1791 -79.2385 137.167
1792 -79.2327 137.374
1793 -79.1582 137.548
1794 -78.9768 137.667
1795 -78.6716 137.723
1796 -78.2552 137.723
1797 -77.7681 137.685
1798 -77.2659 137.631
1799 -76.8043 137.581
1800 -76.4243 137.546
1801 -76.1413 137.522
1802 -75.945 137.497
1803 -75.8084 137.451
1804 -75.7006 137.365
1805 -75.6012 137.234
1806 -75.5109 137.067
1807 -75.4568 136.893
1808 -75.4886 136.759
1809 -75.6683 136.719
1810 -76.0528 136.825
1811 -76.6764 137.105
1812 -77.5393 137.562
1813 -78.5993 138.166
1814 -79.7805 138.865
1815 -80.9898 139.596
1816 -82.1354 140.301
1817 -83.1401 140.933
1818 -83.9567 141.467
1819 -84.571 141.899
1820 -84.9922 142.238
1821 -85.244 142.508
1822 -85.3534 142.739
1823 -85.3363 142.959
1824 -85.1888 143.188
1825 -84.8887 143.437
1826 -84.4022 143.703
1827 -83.6979 143.974
1828 -82.763 144.237
1829 -81.6146 144.48
1830 -80.3042 144.706
1831 -78.9142 144.928
1832 -77.5505 145.171
1833 -76.3151 145.464
1834 -75.2864 145.831
1835 -74.5075 146.276
1836 -73.9765 146.779
1837 -73.6517 147.297
1838 -73.4664 147.771
1839 -73.3504 148.143
1840 -73.248 148.364
1841 -73.1315 148.407
1842 -73.005 148.27
1843 -72.8985 147.976
1844 -72.8576 147.561
1845 -72.924 147.066
1846 -73.1197 146.528
1847 -73.4329 145.966
1848 -73.8195 145.391
1849 -74.2146 144.801
1850 -74.5514 144.197
1851 -74.7814 143.592
1852 -74.8849 143.012
1853 -74.8768 142.501
1854 -74.7967 142.109
1855 -74.694 141.884
1856 -74.6089 141.86
1857 -74.5567 142.044
1858 -74.522 142.415
1859 -74.4617 142.931
1860 -74.3169 143.534
1861 -74.0298 144.17
1862 -73.5591 144.797
1863 -72.893 145.392
1864 -72.056 145.947
1865 -71.1062 146.467
1866 -70.1248 146.957
1867 -69.1957 147.411
1868 -68.3843 147.807
1869 -67.7207 148.106
1870 -67.1937 148.26
1871 -66.7611 148.227
1872 -66.367 147.979
1873 -65.9623 147.513
1874 -65.5207 146.847
1875 -65.0479 146.018
1876 -64.5774 145.075
1877 -64.1585 144.063
1878 -63.841 143.027
1879 -63.6573 142
1880 -63.6084 141.003
1881 -63.6636 140.048
1882 -63.7682 139.144
1883 -63.8573 138.303
1884 -63.875 137.543
1885 -63.7884 136.888
1886 -63.5992 136.371
1887 -63.3422 136.022
1888 -63.0782 135.868
1889 -62.8749 135.921
1890 -62.7866 136.177
1891 -62.837 136.608
1892 -63.0147 137.174
1893 -63.2779 137.819
1894 -63.5686 138.489
1895 -63.8322 139.134
1896 -64.0327 139.718
1897 -64.1641 140.217
1898 -64.2516 140.623
1899 -64.3455 140.946
1900 -64.506 141.2
1901 -64.7846 141.402
1902 -65.2092 141.563
1903 -65.773 141.681
1904 -66.4342 141.739
1905 -67.1269 141.713
1906 -67.7763 141.571
1907 -68.3193 141.294
1908 -68.7143 140.88
1909 -68.9466 140.349
1910 -69.0254 139.745
1911 -68.9691 139.12
1912 -68.7905 138.521
1913 -68.4844 137.978
1914 -68.0234 137.501
1915 -67.3619 137.072
1916 -66.4511 136.661
1917 -65.2531 136.236
1918 -63.7575 135.774
1919 -61.99 135.272
1920 -60.0138 134.747
1921 -57.9269 134.233
1922 -55.8498 133.777
1923 -53.9013 133.425
1924 -52.1788 133.209
1925 -50.7464 133.143
1926 -49.6253 133.218
1927 -48.7981 133.405
1928 -48.2232 133.664
1929 -47.8555 133.956
1930 -47.6664 134.256
1931 -47.6572 134.559
1932 -47.8561 134.882
1933 -48.3044 135.256
1934 -49.0311 135.708
1935 -50.0315 136.25
1936 -51.2554 136.87
1937 -52.6123 137.529
1938 -53.991 138.173
1939 -55.2823 138.745
1940 -56.3992 139.205
1941 -57.2877 139.532
1942 -57.9298 139.737
1943 -58.3381 139.849
1944 -58.5481 139.914
1945 -58.6004 139.973
1946 -58.526 140.058
1947 -58.3337 140.178
1948 -58.0041 140.318
1949 -57.4941 140.443
1950 -56.7513 140.514
1951 -55.7326 140.491
1952 -54.4249 140.355
1953 -52.8573 140.108
1954 -51.102 139.779
1955 -49.2636 139.414
1956 -47.4532 139.067
1957 -45.7603 138.781
1958 -44.2369 138.583
1959 -42.892 138.476
1960 -41.6986 138.445
1961 -40.6157 138.467
1962 -39.607 138.525
1963 -38.658 138.615
1964 -37.7859 138.754
1965 -37.0392 138.973
1966 -36.4905 139.314
1967 -36.2158 139.808
1968 -36.2714 140.47
1969 -36.6737 141.285
1970 -37.387 142.21
1971 -38.3269 143.181
1972 -39.3753 144.126
1973 -40.4064 144.985
1974 -41.3117 145.71
1975 -42.0238 146.281
1976 -42.5237 146.696
1977 -42.8365 146.971
1978 -43.0168 147.127
1979 -43.1258 147.184
1980 -43.2107 147.153
1981 -43.29 147.03
1982 -43.3499 146.806
1983 -43.3494 146.467
1984 -43.2375 146.001
1985 -42.9716 145.406
1986 -42.5324 144.692
1987 -41.9299 143.878
1988 -41.2034 142.997
1989 -40.4087 142.089
1990 -39.6018 141.19
1991 -38.8249 140.331
1992 -38.0953 139.528
1993 -37.4022 138.779
1994 -36.7119 138.068
1995 -35.9776 137.367
1996 -35.1559 136.648
1997 -34.2208 135.892
1998 -33.1799 135.1
1999 -32.0802 134.298
2000 -31.0077 133.532
2001 -30.0705 132.865
