1 52.1484 -164.259
2 52.2794 -165.13
3 52.334 -165.831
4 52.3362 -166.374
5 52.3281 -166.798
6 52.3517 -167.148
7 52.436 -167.456
8 52.5873 -167.727
9 52.7901 -167.934
10 53.015 -168.03
11 53.2267 -167.961
12 53.3999 -167.69
13 53.526 -167.208
14 53.6172 -166.543
15 53.7041 -165.752
16 53.8259 -164.904
17 54.0166 -164.063
18 54.2926 -163.266
19 54.6408 -162.517
20 55.0177 -161.788
21 55.3578 -161.034
22 55.5874 -160.217
23 55.6486 -159.321
24 55.5114 -158.367
25 55.1805 -157.409
26 54.6883 -156.515
27 54.079 -155.747
28 53.3847 -155.136
29 52.6117 -154.668
30 51.7376 -154.299
31 50.7219 -153.969
32 49.529 -153.629
33 48.1487 -153.259
34 46.6168 -152.877
35 45.0248 -152.536
36 43.5056 -152.299
37 42.2044 -152.216
38 41.2372 -152.306
39 40.6636 -152.547
40 40.4886 -152.888
41 40.6796 -153.271
42 41.195 -153.643
43 41.9997 -153.978
44 43.0667 -154.275
45 44.3626 -154.553
46 45.8345 -154.834
47 47.4071 -155.137
48 48.9915 -155.459
49 50.5046 -155.779
50 51.8885 -156.064
51 53.1127 -156.278
52 54.1681 -156.401
53 55.0531 -156.435
54 55.7648 -156.405
55 56.3008 -156.354
56 56.6591 -156.325
57 56.8463 -156.348
58 56.876 -156.425
59 56.7687 -156.527
60 56.5498 -156.609
61 56.2492 -156.626
62 55.9041 -156.552
63 55.5638 -156.394
64 55.2916 -156.186
65 55.1526 -155.977
66 55.1996 -155.81
67 55.4506 -155.708
68 55.8797 -155.658
69 56.4241 -155.621
70 57.0056 -155.546
71 57.5583 -155.388
72 58.0501 -155.126
73 58.4926 -154.775
74 58.9338 -154.38
75 59.4422 -154.007
76 60.0745 -153.718
77 60.8502 -153.552
78 61.7286 -153.514
79 62.6152 -153.568
80 63.391 -153.653
81 63.9494 -153.702
82 64.2234 -153.669
83 64.1999 -153.548
84 63.9166 -153.371
85 63.4478 -153.199
86 62.8819 -153.095
87 62.2948 -153.102
88 61.7251 -153.222
89 61.1637 -153.417
90 60.5665 -153.619
91 59.8778 -153.758
92 59.0587 -153.787
93 58.1092 -153.699
94 57.0768 -153.533
95 56.0474 -153.365
96 55.1247 -153.275
97 54.3977 -153.328
98 53.9118 -153.546
99 53.6569 -153.905
100 53.5803 -154.344
101 53.6114 -154.785
102 53.6892 -155.168
103 53.7812 -155.459
104 53.8866 -155.665
105 54.0276 -155.816
106 54.2364 -155.948
107 54.5392 -156.087
108 54.9433 -156.231
109 55.4367 -156.349
110 55.9902 -156.389
111 56.5666 -156.296
112 57.1298 -156.025
113 57.6539 -155.56
114 58.1251 -154.918
115 58.547 -154.143
116 58.9321 -153.295
117 59.2897 -152.433
118 59.618 -151.588
119 59.8957 -150.766
120 60.0829 -149.945
121 60.129 -149.094
122 59.9867 -148.192
123 59.63 -147.245
124 59.0673 -146.291
125 58.3426 -145.389
126 57.5227 -144.597
127 56.6745 -143.954
128 55.841 -143.461
129 55.0318 -143.083
130 54.2327 -142.763
131 53.4267 -142.444
132 52.6182 -142.086
133 51.8499 -141.679
134 51.2063 -141.246
135 50.7956 -140.83
136 50.7221 -140.476
137 51.053 -140.216
138 51.7958 -140.053
139 52.9029 -139.964
140 54.2976 -139.909
141 55.9051 -139.85
142 57.6688 -139.767
143 59.5432 -139.666
144 61.4716 -139.578
145 63.37 -139.542
146 65.1352 -139.595
147 66.6712 -139.75
148 67.9245 -139.991
149 68.8952 -140.28
150 69.6227 -140.564
151 70.1624 -140.799
152 70.5662 -140.963
153 70.8705 -141.064
154 71.1001 -141.142
155 71.2767 -141.251
156 71.4249 -141.444
157 71.5714 -141.744
158 71.7361 -142.143
159 71.9195 -142.59
160 72.1006 -143.016
161 72.2457 -143.355
162 72.3272 -143.564
163 72.3442 -143.646
164 72.3278 -143.637
165 72.3327 -143.597
166 72.4093 -143.579
167 72.5779 -143.614
168 72.8147 -143.692
169 73.0587 -143.77
170 73.2351 -143.79
171 73.2862 -143.699
172 73.1903 -143.475
173 72.9676 -143.128
174 72.6682 -142.702
175 72.3517 -142.256
176 72.0648 -141.844
177 71.8265 -141.492
178 71.6232 -141.193
179 71.4176 -140.907
180 71.1623 -140.579
181 70.8131 -140.154
182 70.3375 -139.604
183 69.7157 -138.93
184 68.9415 -138.175
185 68.0216 -137.401
186 66.9776 -136.679
187 65.8438 -136.064
188 64.6534 -135.577
189 63.4209 -135.203
190 62.1359 -134.898
191 60.7646 -134.616
192 59.2636 -134.326
193 57.615 -134.035
194 55.847 -133.791
195 54.0267 -133.662
196 52.2522 -133.717
197 50.6184 -133.988
198 49.1881 -134.462
199 47.9735 -135.078
200 46.9451 -135.747
201 46.055 -136.383
202 45.2662 -136.92
203 44.5734 -137.326
204 44.0073 -137.604
205 43.6235 -137.781
206 43.4786 -137.885
207 43.6074 -137.941
208 44.0075 -137.953
209 44.6421 -137.91
210 45.4549 -137.791
211 46.3877 -137.578
212 47.3922 -137.264
213 48.4332 -136.87
214 49.4809 -136.439
215 50.5069 -136.031
216 51.4799 -135.708
217 52.3695 -135.517
218 53.1484 -135.469
219 53.7934 -135.542
220 54.2856 -135.683
221 54.6072 -135.835
222 54.7445 -135.951
223 54.6936 -136.013
224 54.47 -136.031
225 54.1101 -136.034
226 53.6626 -136.052
227 53.1729 -136.098
228 52.6713 -136.157
229 52.1665 -136.193
230 51.6534 -136.162
231 51.13 -136.028
232 50.6142 -135.784
233 50.1534 -135.452
234 49.8213 -135.082
235 49.699 -134.731
236 49.8502 -134.447
237 50.2968 -134.247
238 51.0124 -134.119
239 51.9352 -134.025
240 52.9936 -133.917
241 54.1311 -133.76
242 55.3135 -133.536
243 56.5242 -133.246
244 57.7454 -132.909
245 58.9383 -132.542
246 60.0419 -132.152
247 60.9854 -131.731
248 61.7066 -131.256
249 62.1647 -130.688
250 62.3449 -129.995
251 62.2525 -129.153
252 61.9076 -128.169
253 61.3408 -127.074
254 60.592 -125.929
255 59.7125 -124.806
256 58.7593 -123.779
257 57.7831 -122.895
258 56.8171 -122.172
259 55.8694 -121.594
260 54.9283 -121.129
261 53.9822 -120.747
262 53.0428 -120.44
263 52.1562 -120.233
264 51.3977 -120.169
265 50.856 -120.302
266 50.5941 -120.664
267 50.6251 -121.257
268 50.903 -122.044
269 51.3397 -122.96
270 51.8368 -123.925
271 52.3143 -124.872
272 52.7288 -125.757
273 53.0731 -126.566
274 53.3675 -127.311
275 53.6392 -128.009
276 53.908 -128.665
277 54.1741 -129.266
278 54.4208 -129.78
279 54.6157 -130.165
280 54.7202 -130.383
281 54.6949 -130.408
282 54.5079 -130.24
283 54.1392 -129.905
284 53.5859 -129.45
285 52.8693 -128.932
286 52.0358 -128.408
287 51.1513 -127.925
288 50.2857 -127.51
289 49.4934 -127.168
290 48.8076 -126.894
291 48.2437 -126.681
292 47.8161 -126.533
293 47.5563 -126.474
294 47.5157 -126.551
295 47.7478 -126.817
296 48.281 -127.318
297 49.0943 -128.063
298 50.1091 -129.023
299 51.2055 -130.123
300 52.255 -131.272
301 53.1529 -132.388
302 53.8348 -133.417
303 54.2789 -134.345
304 54.4956 -135.186
305 54.5109 -135.974
306 54.3498 -136.737
307 54.0254 -137.481
308 53.5418 -138.191
309 52.9029 -138.836
310 52.1236 -139.382
311 51.2397 -139.814
312 50.3044 -140.133
313 49.3816 -140.361
314 48.5326 -140.528
315 47.8079 -140.663
316 47.2401 -140.78
317 46.8432 -140.876
318 46.6151 -140.936
319 46.5426 -140.93
320 46.6091 -140.834
321 46.799 -140.633
322 47.1014 -140.329
323 47.5067 -139.941
324 48.0032 -139.501
325 48.5711 -139.041
326 49.1797 -138.584
327 49.7873 -138.136
328 50.3531 -137.686
329 50.8451 -137.207
330 51.2465 -136.681
331 51.5616 -136.108
332 51.8166 -135.515
333 52.0545 -134.958
334 52.3233 -134.506
335 52.6602 -134.225
336 53.0753 -134.156
337 53.5462 -134.304
338 54.0224 -134.634
339 54.4403 -135.086
340 54.743 -135.588
341 54.8972 -136.086
342 54.9019 -136.553
343 54.7883 -136.991
344 54.613 -137.425
345 54.4385 -137.886
346 54.3177 -138.391
347 54.2786 -138.938
348 54.32 -139.499
349 54.4185 -140.033
350 54.5441 -140.499
351 54.6754 -140.87
352 54.8109 -141.144
353 54.9674 -141.341
354 55.1693 -141.496
355 55.4382 -141.647
356 55.7828 -141.822
357 56.197 -142.034
358 56.6626 -142.279
359 57.153 -142.538
360 57.6367 -142.788
361 58.0798 -143.006
362 58.4507 -143.181
363 58.7243 -143.32
364 58.888 -143.442
365 58.9437 -143.578
366 58.9083 -143.751
367 58.8095 -143.97
368 58.6776 -144.221
369 58.5366 -144.473
370 58.3996 -144.688
371 58.2685 -144.833
372 58.1386 -144.894
373 58.0058 -144.878
374 57.8694 -144.815
375 57.7321 -144.737
376 57.5942 -144.673
377 57.452 -144.632
378 57.2919 -144.601
379 57.0909 -144.556
380 56.8187 -144.468
381 56.4442 -144.319
382 55.9432 -144.109
383 55.3078 -143.857
384 54.5512 -143.601
385 53.7076 -143.382
386 52.8246 -143.233
387 51.9481 -143.169
388 51.1107 -143.185
389 50.3281 -143.259
390 49.6034 -143.36
391 48.9385 -143.465
392 48.3441 -143.565
393 47.839 -143.668
394 47.4456 -143.794
395 47.1803 -143.965
396 47.0445 -144.196
397 47.0171 -144.486
398 47.058 -144.815
399 47.1187 -145.155
400 47.1514 -145.478
401 47.1194 -145.765
402 46.9957 -146.016
403 46.7626 -146.246
404 46.4105 -146.486
405 45.9336 -146.767
406 45.332 -147.112
407 44.6119 -147.526
408 43.7844 -147.995
409 42.8654 -148.492
410 41.8804 -148.985
411 40.8668 -149.454
412 39.8719 -149.893
413 38.9539 -150.312
414 38.1741 -150.725
415 37.5798 -151.144
416 37.194 -151.561
417 37.0144 -151.954
418 37.0194 -152.289
419 37.1821 -152.529
420 37.4875 -152.652
421 37.9454 -152.656
422 38.5905 -152.567
423 39.475 -152.425
424 40.647 -152.281
425 42.1263 -152.175
426 43.8841 -152.13
427 45.8414 -152.144
428 47.8819 -152.188
429 49.8765 -152.222
430 51.7147 -152.207
431 53.3224 -152.123
432 54.6662 -151.979
433 55.7486 -151.811
434 56.5913 -151.67
435 57.2199 -151.597
436 57.6476 -151.609
437 57.8663 -151.682
438 57.8499 -151.763
439 57.5628 -151.783
440 56.9787 -151.679
441 56.0964 -151.416
442 54.9569 -151.001
443 53.6392 -150.47
444 52.2526 -149.887
445 50.923 -149.314
446 49.7677 -148.8
447 48.8723 -148.365
448 48.2831 -148.004
449 48.0087 -147.696
450 48.0297 -147.413
451 48.3164 -147.138
452 48.8338 -146.864
453 49.5487 -146.603
454 50.4293 -146.373
455 51.4433 -146.193
456 52.5603 -146.071
457 53.7535 -145.999
458 54.9993 -145.952
459 56.2721 -145.893
460 57.5341 -145.78
461 58.7361 -145.572
462 59.819 -145.245
463 60.7283 -144.793
464 61.4257 -144.229
465 61.8969 -143.582
466 62.1519 -142.887
467 62.2221 -142.179
468 62.1472 -141.487
469 61.9639 -140.828
470 61.6993 -140.221
471 61.369 -139.688
472 60.9863 -139.262
473 60.5681 -138.979
474 60.1385 -138.88
475 59.7263 -138.991
476 59.3596 -139.318
477 59.0583 -139.843
478 58.8355 -140.527
479 58.6994 -141.32
480 58.6588 -142.177
481 58.7205 -143.063
482 58.888 -143.955
483 59.1512 -144.836
484 59.4856 -145.687
485 59.8555 -146.486
486 60.2263 -147.205
487 60.5767 -147.816
488 60.9088 -148.303
489 61.2469 -148.662
490 61.6209 -148.906
491 62.049 -149.064
492 62.5217 -149.17
493 63 -149.26
494 63.429 -149.366
495 63.7635 -149.507
496 63.988 -149.694
497 64.1257 -149.926
498 64.2238 -150.195
499 64.3386 -150.492
500 64.5188 -150.813
501 64.7987 -151.165
502 65.1991 -151.565
503 65.728 -152.035
504 66.38 -152.59
505 67.1284 -153.225
506 67.9231 -153.909
507 68.6921 -154.585
508 69.356 -155.186
509 69.845 -155.653
510 70.1151 -155.953
511 70.1591 -156.09
512 70.0033 -156.103
513 69.6938 -156.055
514 69.2793 -156.008
515 68.79 -156.006
516 68.2287 -156.058
517 67.5729 -156.143
518 66.7909 -156.217
519 65.8593 -156.237
520 64.7797 -156.179
521 63.5838 -156.045
522 62.3286 -155.865
523 61.0838 -155.68
524 59.9196 -155.528
525 58.8932 -155.429
526 58.0436 -155.38
527 57.387 -155.357
528 56.9191 -155.321
529 56.6164 -155.234
530 56.4435 -155.066
531 56.3568 -154.804
532 56.3121 -154.458
533 56.2689 -154.055
534 56.1953 -153.635
535 56.0723 -153.235
536 55.893 -152.88
537 55.6579 -152.578
538 55.3659 -152.317
539 55.0096 -152.078
540 54.5749 -151.84
541 54.0507 -151.597
542 53.438 -151.36
543 52.7562 -151.155
544 52.0416 -151.01
545 51.3413 -150.945
546 50.7018 -150.964
547 50.1572 -151.053
548 49.7255 -151.188
549 49.4114 -151.343
550 49.2166 -151.5
551 49.147 -151.658
552 49.2152 -151.825
553 49.4328 -152.022
554 49.7991 -152.261
555 50.2888 -152.545
556 50.8493 -152.86
557 51.4061 -153.178
558 51.8801 -153.469
559 52.2 -153.703
560 52.3129 -153.866
561 52.1873 -153.953
562 51.8122 -153.976
563 51.1938 -153.948
564 50.3505 -153.883
565 49.3072 -153.785
566 48.0904 -153.644
567 46.7286 -153.445
568 45.2548 -153.169
569 43.7111 -152.806
570 42.1502 -152.361
571 40.6375 -151.852
572 39.2476 -151.311
573 38.0504 -150.776
574 37.1014 -150.277
575 36.4386 -149.831
576 36.0787 -149.445
577 36.0228 -149.111
578 36.2666 -148.817
579 36.8066 -148.555
580 37.6405 -148.324
581 38.7576 -148.127
582 40.1277 -147.968
583 41.69 -147.844
584 43.3568 -147.745
585 45.0266 -147.645
586 46.6073 -147.518
587 48.032 -147.335
588 49.2641 -147.075
589 50.2895 -146.733
590 51.1102 -146.319
591 51.733 -145.856
592 52.1687 -145.376
593 52.4326 -144.914
594 52.5426 -144.497
595 52.5188 -144.141
596 52.3772 -143.847
597 52.1252 -143.606
598 51.7658 -143.411
599 51.3076 -143.264
600 50.7802 -143.187
601 50.2432 -143.22
602 49.7846 -143.413
603 49.5002 -143.814
604 49.4604 -144.443
605 49.6854 -145.288
606 50.134 -146.301
607 50.7182 -147.408
608 51.3368 -148.532
609 51.9086 -149.609
610 52.3936 -150.603
611 52.7936 -151.507
612 53.138 -152.335
613 53.4608 -153.108
614 53.7834 -153.843
615 54.1028 -154.54
616 54.3948 -155.18
617 54.6217 -155.726
618 54.7429 -156.14
619 54.7237 -156.389
620 54.5379 -156.454
621 54.175 -156.341
622 53.6431 -156.077
623 52.9737 -155.703
624 52.2218 -155.265
625 51.4575 -154.799
626 50.7533 -154.323
627 50.1672 -153.838
628 49.7303 -153.332
629 49.4414 -152.786
630 49.2762 -152.191
631 49.1967 -151.546
632 49.1662 -150.865
633 49.1579 -150.172
634 49.1591 -149.488
635 49.1683 -148.83
636 49.1857 -148.204
637 49.2076 -147.603
638 49.2228 -147.022
639 49.2153 -146.46
640 49.1723 -145.923
641 49.0943 -145.429
642 48.995 -145.002
643 48.8982 -144.667
644 48.8233 -144.437
645 48.7765 -144.314
646 48.7508 -144.286
647 48.7346 -144.336
648 48.7264 -144.454
649 48.7466 -144.641
650 48.8383 -144.917
651 49.0524 -145.306
652 49.427 -145.831
653 49.963 -146.491
654 50.6155 -147.254
655 51.3012 -148.066
656 51.9232 -148.854
657 52.3986 -149.553
658 52.6782 -150.116
659 52.7528 -150.528
660 52.642 -150.804
661 52.3797 -150.976
662 51.9988 -151.084
663 51.5234 -151.156
664 50.9681 -151.201
665 50.3375 -151.21
666 49.6333 -151.152
667 48.8604 -150.999
668 48.0317 -150.728
669 47.1776 -150.342
670 46.35 -149.87
671 45.6217 -149.368
672 45.077 -148.901
673 44.7893 -148.528
674 44.8021 -148.282
675 45.1203 -148.165
676 45.7102 -148.149
677 46.5125 -148.188
678 47.4661 -148.237
679 48.5335 -148.269
680 49.7067 -148.29
681 51.0064 -148.331
682 52.4632 -148.444
683 54.0881 -148.677
684 55.8497 -149.054
685 57.6702 -149.569
686 59.44 -150.185
687 61.0462 -150.849
688 62.3967 -151.51
689 63.4358 -152.134
690 64.1483 -152.712
691 64.5549 -153.258
692 64.6988 -153.789
693 64.6348 -154.316
694 64.4162 -154.829
695 64.0851 -155.298
696 63.6701 -155.681
697 63.1903 -155.939
698 62.6617 -156.048
699 62.1059 -156.01
700 61.5546 -155.85
701 61.0474 -155.612
702 60.6236 -155.343
703 60.3097 -155.087
704 60.1128 -154.871
705 60.0168 -154.703
706 59.9898 -154.578
707 59.9933 -154.483
708 59.9947 -154.405
709 59.9718 -154.341
710 59.9146 -154.303
711 59.8225 -154.309
712 59.7008 -154.385
713 59.5572 -154.543
714 59.3985 -154.782
715 59.228 -155.074
716 59.0429 -155.372
717 58.8352 -155.624
718 58.5924 -155.781
719 58.304 -155.816
720 57.9665 -155.732
721 57.586 -155.56
722 57.1799 -155.35
723 56.7703 -155.158
724 56.3807 -155.025
725 56.0304 -154.968
726 55.7301 -154.983
727 55.4817 -155.05
728 55.2809 -155.149
729 55.1235 -155.271
730 55.0141 -155.427
731 54.9669 -155.639
732 55.0051 -155.932
733 55.1481 -156.316
734 55.3995 -156.781
735 55.7381 -157.292
736 56.1199 -157.801
737 56.4924 -158.257
738 56.8085 -158.623
739 57.0452 -158.881
740 57.213 -159.041
741 57.3535 -159.131
742 57.5234 -159.189
743 57.7747 -159.245
744 58.1339 -159.314
745 58.5955 -159.392
746 59.1319 -159.462
747 59.7116 -159.505
748 60.3226 -159.515
749 60.9796 -159.511
750 61.7146 -159.53
751 62.5581 -159.626
752 63.5201 -159.847
753 64.5827 -160.226
754 65.7046 -160.768
755 66.8319 -161.442
756 67.9124 -162.198
757 68.9044 -162.97
758 69.7791 -163.707
759 70.5151 -164.377
760 71.0936 -164.977
761 71.4966 -165.525
762 71.7098 -166.048
763 71.7266 -166.565
764 71.5483 -167.075
765 71.1826 -167.548
766 70.6384 -167.941
767 69.9223 -168.205
768 69.046 -168.308
769 68.0351 -168.25
770 66.937 -168.066
771 65.8232 -167.817
772 64.7769 -167.566
773 63.8693 -167.358
774 63.138 -167.204
775 62.579 -167.078
776 62.1537 -166.928
777 61.8129 -166.704
778 61.5214 -166.371
779 61.274 -165.928
780 61.0947 -165.403
781 61.0205 -164.838
782 61.0779 -164.271
783 61.2616 -163.718
784 61.5257 -163.161
785 61.7941 -162.556
786 61.9835 -161.848
787 62.024 -160.992
788 61.8749 -159.969
789 61.5251 -158.799
790 60.986 -157.533
791 60.2826 -156.24
792 59.4451 -154.996
793 58.5044 -153.856
794 57.4886 -152.851
795 56.4232 -151.979
796 55.3263 -151.217
797 54.2095 -150.536
798 53.0861 -149.914
799 51.9772 -149.354
800 50.9148 -148.879
801 49.9448 -148.526
802 49.1209 -148.33
803 48.4904 -148.306
804 48.0803 -148.441
805 47.8914 -148.695
806 47.9016 -149.014
807 48.0793 -149.346
808 48.3944 -149.656
809 48.8304 -149.933
810 49.385 -150.187
811 50.0652 -150.443
812 50.873 -150.723
813 51.7926 -151.037
814 52.7847 -151.373
815 53.7896 -151.703
816 54.7379 -151.992
817 55.5652 -152.209
818 56.2276 -152.34
819 56.7114 -152.397
820 57.0353 -152.416
821 57.2457 -152.451
822 57.3996 -152.554
823 57.5415 -152.761
824 57.6864 -153.075
825 57.8112 -153.467
826 57.8677 -153.881
827 57.8045 -154.256
828 57.589 -154.549
829 57.2202 -154.747
830 56.7271 -154.87
831 56.1583 -154.957
832 55.5634 -155.047
833 54.9745 -155.156
834 54.397 -155.269
835 53.8129 -155.343
836 53.1935 -155.324
837 52.5166 -155.163
838 51.7814 -154.842
839 51.0149 -154.377
840 50.2694 -153.812
841 49.6115 -153.208
842 49.1069 -152.621
843 48.8074 -152.088
844 48.7408 -151.618
845 48.911 -151.199
846 49.3081 -150.806
847 49.9228 -150.417
848 50.7575 -150.027
849 51.8262 -149.65
850 53.1449 -149.318
851 54.7143 -149.068
852 56.5059 -148.933
853 58.4587 -148.925
854 60.4898 -149.03
855 62.5091 -149.209
856 64.435 -149.409
857 66.2013 -149.58
858 67.762 -149.685
859 69.0925 -149.722
860 70.1845 -149.714
861 71.0439 -149.707
862 71.6816 -149.748
863 72.1047 -149.865
864 72.3118 -150.059
865 72.2884 -150.301
866 72.0124 -150.551
867 71.4647 -150.772
868 70.6447 -150.952
869 69.582 -151.111
870 68.3408 -151.296
871 67.0121 -151.569
872 65.6934 -151.981
873 64.4643 -152.556
874 63.3682 -153.276
875 62.4096 -154.091
876 61.569 -154.932
877 60.824 -155.732
878 60.1621 -156.447
879 59.5845 -157.059
880 59.103 -157.57
881 58.7286 -157.991
882 58.462 -158.328
883 58.2921 -158.572
884 58.201 -158.696
885 58.1686 -158.666
886 58.1805 -158.45
887 58.2298 -158.028
888 58.3123 -157.401
889 58.4219 -156.592
890 58.5447 -155.649
891 58.6589 -154.626
892 58.7404 -153.583
893 58.7691 -152.566
894 58.7342 -151.604
895 58.6352 -150.706
896 58.4764 -149.867
897 58.2655 -149.08
898 58.0158 -148.354
899 57.7548 -147.723
900 57.5259 -147.236
901 57.3843 -146.939
902 57.3755 -146.856
903 57.5119 -146.97
904 57.7602 -147.223
905 58.051 -147.534
906 58.306 -147.821
907 58.4673 -148.028
908 58.5204 -148.136
909 58.4988 -148.164
910 58.4716 -148.156
911 58.5151 -148.16
912 58.682 -148.209
913 58.9789 -148.311
914 59.3622 -148.444
915 59.757 -148.568
916 60.0866 -148.644
917 60.301 -148.648
918 60.3945 -148.585
919 60.4075 -148.496
920 60.4103 -148.44
921 60.4791 -148.478
922 60.6662 -148.655
923 60.9838 -148.976
924 61.4003 -149.411
925 61.8565 -149.902
926 62.2859 -150.382
927 62.6337 -150.798
928 62.8694 -151.123
929 62.9882 -151.359
930 63.0068 -151.535
931 62.9561 -151.689
932 62.8725 -151.851
933 62.7882 -152.03
934 62.7216 -152.212
935 62.6715 -152.361
936 62.6189 -152.43
937 62.5323 -152.382
938 62.3814 -152.2
939 62.1491 -151.894
940 61.8399 -151.502
941 61.4805 -151.074
942 61.1106 -150.654
943 60.7714 -150.267
944 60.494 -149.911
945 60.2952 -149.563
946 60.1791 -149.198
947 60.1445 -148.794
948 60.1937 -148.348
949 60.3398 -147.876
950 60.6049 -147.399
951 61.0138 -146.939
952 61.5838 -146.506
953 62.3157 -146.089
954 63.1938 -145.668
955 64.1929 -145.219
956 65.2871 -144.725
957 66.4585 -144.191
958 67.6944 -143.637
959 68.9796 -143.102
960 70.2861 -142.627
961 71.5685 -142.241
962 72.7654 -141.96
963 73.8159 -141.774
964 74.6742 -141.661
965 75.3203 -141.595
966 75.7618 -141.558
967 76.0281 -141.554
968 76.1597 -141.61
969 76.1973 -141.766
970 76.1725 -142.064
971 76.1039 -142.534
972 75.9964 -143.18
973 75.8427 -143.974
974 75.6276 -144.856
975 75.3334 -145.751
976 74.9481 -146.588
977 74.4708 -147.31
978 73.9171 -147.893
979 73.3155 -148.337
980 72.7011 -148.66
981 72.1053 -148.882
982 71.5467 -149.008
983 71.0236 -149.021
984 70.5138 -148.882
985 69.9835 -148.548
986 69.3999 -147.981
987 68.7476 -147.174
988 68.0371 -146.151
989 67.3075 -144.972
990 66.6177 -143.717
991 66.0329 -142.469
992 65.6048 -141.289
993 65.3588 -140.21
994 65.2854 -139.232
995 65.3448 -138.328
996 65.4816 -137.463
997 65.6462 -136.603
998 65.8109 -135.743
999 65.9788 -134.903
1000 66.1765 -134.125
1001 66.4383 -133.451
1002 66.7857 -132.912
1003 67.2133 -132.512
1004 67.6888 -132.225
1005 68.159 -132.001
1006 68.5669 -131.785
1007 68.864 -131.534
1008 69.0222 -131.227
1009 69.0381 -130.875
1010 68.9335 -130.512
1011 68.7483 -130.186
1012 68.5299 -129.939
1013 68.3211 -129.798
1014 68.154 -129.767
1015 68.0445 -129.828
1016 67.9944 -129.957
1017 67.998 -130.131
1018 68.0463 -130.337
1019 68.1322 -130.577
1020 68.2518 -130.859
1021 68.4043 -131.195
1022 68.5886 -131.587
1023 68.8019 -132.024
1024 69.0403 -132.483
1025 69.2972 -132.932
1026 69.5663 -133.34
1027 69.8394 -133.68
1028 70.1055 -133.938
1029 70.3501 -134.11
1030 70.5545 -134.196
1031 70.6983 -134.199
1032 70.7616 -134.118
1033 70.727 -133.943
1034 70.5822 -133.663
1035 70.324 -133.265
1036 69.9577 -132.746
1037 69.4969 -132.118
1038 68.9602 -131.412
1039 68.3671 -130.671
1040 67.73 -129.944
1041 67.0527 -129.27
1042 66.3269 -128.666
1043 65.5341 -128.126
1044 64.6511 -127.62
1045 63.6577 -127.106
1046 62.5465 -126.552
1047 61.3279 -125.938
1048 60.033 -125.272
1049 58.7099 -124.582
1050 57.4179 -123.908
1051 56.2153 -123.287
1052 55.1476 -122.744
1053 54.2414 -122.283
1054 53.5023 -121.896
1055 52.9247 -121.566
1056 52.5084 -121.285
1057 52.2734 -121.068
1058 52.264 -120.954
1059 52.5404 -120.997
1060 53.1574 -121.257
1061 54.1377 -121.772
1062 55.457 -122.55
1063 57.042 -123.557
1064 58.7908 -124.729
1065 60.5978 -125.983
1066 62.3753 -127.241
1067 64.0621 -128.441
1068 65.6289 -129.555
1069 67.0723 -130.585
1070 68.4017 -131.552
1071 69.6292 -132.48
1072 70.7579 -133.382
1073 71.7785 -134.251
1074 72.6673 -135.058
1075 73.3862 -135.756
1076 73.8939 -136.296
1077 74.1555 -136.642
1078 74.1564 -136.783
1079 73.9118 -136.741
1080 73.4686 -136.564
1081 72.8983 -136.322
1082 72.2778 -136.081
1083 71.67 -135.893
1084 71.1069 -135.778
1085 70.5861 -135.729
1086 70.0829 -135.715
1087 69.5686 -135.703
1088 69.0279 -135.673
1089 68.4671 -135.624
1090 67.912 -135.573
1091 67.3966 -135.548
1092 66.9486 -135.568
1093 66.5791 -135.637
1094 66.2779 -135.728
1095 66.0162 -135.797
1096 65.7552 -135.79
1097 65.4537 -135.658
1098 65.0728 -135.367
1099 64.5793 -134.907
1100 63.9466 -134.285
1101 63.1583 -133.52
1102 62.2107 -132.639
1103 61.1166 -131.666
1104 59.9016 -130.624
1105 58.5973 -129.531
1106 57.2352 -128.406
1107 55.8421 -127.27
1108 54.4466 -126.153
1109 53.0862 -125.094
1110 51.8147 -124.138
1111 50.7013 -123.331
1112 49.8256 -122.716
1113 49.2525 -122.32
1114 49.0174 -122.154
1115 49.1226 -122.217
1116 49.5434 -122.496
1117 50.239 -122.974
1118 51.1628 -123.638
1119 52.2638 -124.473
1120 53.4826 -125.463
1121 54.7446 -126.582
1122 55.9609 -127.787
1123 57.0362 -129.023
1124 57.8822 -130.231
1125 58.4348 -131.354
1126 58.6631 -132.356
1127 58.5709 -133.226
1128 58.194 -133.975
1129 57.5908 -134.627
1130 56.832 -135.216
1131 55.9907 -135.764
1132 55.1329 -136.279
1133 54.3067 -136.751
1134 53.5397 -137.161
1135 52.8471 -137.48
1136 52.2394 -137.691
1137 51.7293 -137.786
1138 51.3373 -137.778
1139 51.0861 -137.691
1140 50.9913 -137.556
1141 51.0485 -137.399
1142 51.2246 -137.234
1143 51.457 -137.053
1144 51.6615 -136.832
1145 51.7488 -136.536
1146 51.6446 -136.134
1147 51.3052 -135.615
1148 50.7268 -134.994
1149 49.9468 -134.322
1150 49.0335 -133.665
1151 48.0697 -133.097
1152 47.1336 -132.674
1153 46.2801 -132.421
1154 45.5328 -132.331
1155 44.8881 -132.37
1156 44.3297 -132.495
1157 43.8475 -132.671
1158 43.4519 -132.881
1159 43.1772 -133.135
1160 43.0739 -133.454
1161 43.1892 -133.866
1162 43.5493 -134.385
1163 44.1515 -135.01
1164 44.9659 -135.724
1165 45.9452 -136.497
1166 47.0369 -137.294
1167 48.1894 -138.086
1168 49.3619 -138.848
1169 50.5263 -139.572
1170 51.6622 -140.257
1171 52.7577 -140.909
1172 53.8066 -141.538
1173 54.8041 -142.149
1174 55.7441 -142.744
1175 56.6121 -143.315
1176 57.3861 -143.851
1177 58.0397 -144.341
1178 58.5486 -144.778
1179 58.9003 -145.168
1180 59.1003 -145.526
1181 59.1739 -145.876
1182 59.1617 -146.242
1183 59.1108 -146.641
1184 59.0638 -147.076
1185 59.0513 -147.543
1186 59.0886 -148.025
1187 59.1792 -148.504
1188 59.3169 -148.966
1189 59.4922 -149.401
1190 59.6944 -149.806
1191 59.911 -150.178
1192 60.1287 -150.512
1193 60.331 -150.796
1194 60.4989 -151.012
1195 60.6128 -151.14
1196 60.6505 -151.16
1197 60.5876 -151.061
1198 60.3953 -150.84
1199 60.0388 -150.501
1200 59.481 -150.056
1201 58.6866 -149.519
1202 57.6304 -148.902
1203 56.3033 -148.216
1204 54.7157 -147.469
1205 52.9018 -146.673
1206 50.9181 -145.844
1207 48.8445 -145.014
1208 46.779 -144.228
1209 44.8328 -143.543
1210 43.1225 -143.022
1211 41.7489 -142.721
1212 40.7783 -142.678
1213 40.2335 -142.903
1214 40.0976 -143.378
1215 40.3279 -144.061
1216 40.8764 -144.904
1217 41.7017 -145.863
1218 42.7688 -146.902
1219 44.0392 -147.994
1220 45.4642 -149.116
1221 46.98 -150.245
1222 48.5101 -151.349
1223 49.9797 -152.391
1224 51.3272 -153.336
1225 52.5087 -154.149
1226 53.5039 -154.811
1227 54.3145 -155.315
1228 54.9604 -155.675
1229 55.4746 -155.921
1230 55.8928 -156.089
1231 56.2488 -156.215
1232 56.5693 -156.322
1233 56.87 -156.414
1234 57.1547 -156.482
1235 57.4174 -156.503
1236 57.6489 -156.452
1237 57.8488 -156.316
1238 58.0348 -156.102
1239 58.2454 -155.839
1240 58.5327 -155.568
1241 58.9472 -155.331
1242 59.5212 -155.152
1243 60.2524 -155.033
1244 61.1036 -154.949
1245 62.0154 -154.863
1246 62.9204 -154.729
1247 63.7598 -154.517
1248 64.492 -154.216
1249 65.0968 -153.841
1250 65.5695 -153.427
1251 65.9143 -153.017
1252 66.1361 -152.648
1253 66.2348 -152.342
1254 66.2046 -152.1
1255 66.0389 -151.907
1256 65.7335 -151.739
1257 65.2894 -151.582
1258 64.717 -151.431
1259 64.0344 -151.297
1260 63.2702 -151.202
1261 62.463 -151.165
1262 61.6604 -151.197
1263 60.9177 -151.296
1264 60.2903 -151.442
1265 59.8254 -151.608
1266 59.5527 -151.764
1267 59.4794 -151.886
1268 59.5891 -151.959
1269 59.8459 -151.978
1270 60.2011 -151.945
1271 60.6061 -151.872
1272 61.0242 -151.769
1273 61.4342 -151.644
1274 61.8324 -151.506
1275 62.228 -151.357
1276 62.634 -151.206
1277 63.062 -151.066
1278 63.5181 -150.957
1279 64.0041 -150.905
1280 64.5179 -150.936
1281 65.0535 -151.069
1282 65.6007 -151.306
1283 66.1441 -151.633
1284 66.6697 -152.022
1285 67.1673 -152.44
1286 67.6368 -152.858
1287 68.0886 -153.261
1288 68.5401 -153.648
1289 69.0066 -154.027
1290 69.4916 -154.411
1291 69.9827 -154.805
1292 70.4507 -155.201
1293 70.8552 -155.576
1294 71.1533 -155.899
1295 71.3066 -156.131
1296 71.2882 -156.246
1297 71.0859 -156.231
1298 70.7016 -156.097
1299 70.1463 -155.872
1300 69.4387 -155.594
1301 68.5976 -155.301
1302 67.6413 -155.019
1303 66.5839 -154.757
1304 65.4367 -154.508
1305 64.2084 -154.252
1306 62.9126 -153.972
1307 61.5775 -153.663
1308 60.2503 -153.339
1309 59.0016 -153.034
1310 57.9175 -152.792
1311 57.0833 -152.654
1312 56.5636 -152.647
1313 56.3857 -152.776
1314 56.535 -153.025
1315 56.9641 -153.362
1316 57.6084 -153.756
1317 58.3984 -154.179
1318 59.2723 -154.618
1319 60.1788 -155.076
1320 61.0761 -155.563
1321 61.9305 -156.092
1322 62.7184 -156.67
1323 63.421 -157.292
1324 64.0239 -157.939
1325 64.5168 -158.587
1326 64.8882 -159.209
1327 65.1259 -159.781
1328 65.2186 -160.289
1329 65.1614 -160.73
1330 64.959 -161.104
1331 64.628 -161.415
1332 64.1957 -161.663
1333 63.6962 -161.844
1334 63.1643 -161.948
1335 62.6314 -161.972
1336 62.1258 -161.917
1337 61.6712 -161.798
1338 61.2906 -161.641
1339 61.0046 -161.481
1340 60.827 -161.353
1341 60.76 -161.286
1342 60.7906 -161.29
1343 60.893 -161.364
1344 61.0322 -161.49
1345 61.1728 -161.646
1346 61.2858 -161.814
1347 61.3517 -161.982
1348 61.3583 -162.154
1349 61.2981 -162.336
1350 61.1599 -162.535
1351 60.9283 -162.743
1352 60.5817 -162.939
1353 60.096 -163.084
1354 59.4486 -163.134
1355 58.6258 -163.048
1356 57.6263 -162.803
1357 56.4649 -162.4
1358 55.1715 -161.863
1359 53.7886 -161.231
1360 52.3617 -160.551
1361 50.9346 -159.859
1362 49.5425 -159.181
1363 48.2079 -158.522
1364 46.9389 -157.875
1365 45.7387 -157.227
1366 44.6136 -156.571
1367 43.5847 -155.917
1368 42.6884 -155.284
1369 41.973 -154.701
1370 41.492 -154.197
1371 41.2844 -153.79
1372 41.3579 -153.482
1373 41.6831 -153.258
1374 42.2005 -153.092
1375 42.8338 -152.952
1376 43.5127 -152.81
1377 44.1868 -152.651
1378 44.8311 -152.475
1379 45.445 -152.299
1380 46.0483 -152.148
1381 46.6692 -152.054
1382 47.336 -152.041
1383 48.0677 -152.127
1384 48.8689 -152.318
1385 49.7336 -152.611
1386 50.6466 -152.996
1387 51.5899 -153.469
1388 52.547 -154.027
1389 53.5045 -154.676
1390 54.4504 -155.426
1391 55.3713 -156.279
1392 56.2483 -157.228
1393 57.0603 -158.254
1394 57.7821 -159.325
1395 58.3823 -160.404
1396 58.8258 -161.452
1397 59.0792 -162.44
1398 59.1136 -163.35
1399 58.9116 -164.177
1400 58.4692 -164.926
1401 57.7973 -165.603
1402 56.9188 -166.21
1403 55.8626 -166.738
1404 54.659 -167.168
1405 53.338 -167.48
1406 51.9283 -167.656
1407 50.4649 -167.688
1408 48.9884 -167.585
1409 47.55 -167.369
1410 46.211 -167.067
1411 45.0334 -166.71
1412 44.0697 -166.319
1413 43.3493 -165.906
1414 42.8747 -165.472
1415 42.6276 -165.011
1416 42.5749 -164.515
1417 42.6761 -163.975
1418 42.8877 -163.385
1419 43.1649 -162.74
1420 43.4615 -162.033
1421 43.7301 -161.259
1422 43.9236 -160.407
1423 43.9982 -159.466
1424 43.9181 -158.428
1425 43.6598 -157.292
1426 43.2159 -156.066
1427 42.5953 -154.775
1428 41.824 -153.457
1429 40.9401 -152.163
1430 39.9868 -150.943
1431 39.0026 -149.837
1432 38.0165 -148.869
1433 37.0423 -148.041
1434 36.0867 -147.342
1435 35.157 -146.757
1436 34.2762 -146.281
1437 33.4889 -145.92
1438 32.8611 -145.697
1439 32.4685 -145.643
1440 32.3792 -145.785
1441 32.6341 -146.142
1442 33.234 -146.713
1443 34.1339 -147.476
1444 35.2552 -148.39
1445 36.5084 -149.403
1446 37.814 -150.461
1447 39.1158 -151.517
1448 40.3884 -152.536
1449 41.6276 -153.495
1450 42.8343 -154.375
1451 44.0017 -155.159
1452 45.1057 -155.828
1453 46.1088 -156.36
1454 46.9644 -156.733
1455 47.6239 -156.927
1456 48.0487 -156.929
1457 48.2187 -156.737
1458 48.1406 -156.364
1459 47.8505 -155.839
1460 47.4146 -155.197
1461 46.9227 -154.483
1462 46.4769 -153.733
1463 46.1766 -152.983
1464 46.1036 -152.258
1465 46.3095 -151.576
1466 46.8114 -150.948
1467 47.5952 -150.382
1468 48.6227 -149.885
1469 49.8383 -149.463
1470 51.1819 -149.125
1471 52.591 -148.873
1472 54.0086 -148.704
1473 55.3832 -148.606
1474 56.6711 -148.562
1475 57.8384 -148.549
1476 58.8572 -148.546
1477 59.7059 -148.538
1478 60.3695 -148.516
1479 60.8433 -148.479
1480 61.1322 -148.43
1481 61.2561 -148.378
1482 61.2516 -148.333
1483 61.1707 -148.307
1484 61.0764 -148.31
1485 61.0352 -148.356
1486 61.1071 -148.458
1487 61.3366 -148.626
1488 61.7456 -148.866
1489 62.3284 -149.177
1490 63.0507 -149.544
1491 63.8559 -149.94
1492 64.6734 -150.328
1493 65.4331 -150.67
1494 66.0765 -150.929
1495 66.5614 -151.082
1496 66.8626 -151.116
1497 66.9711 -151.034
1498 66.8882 -150.848
1499 66.6221 -150.576
1500 66.1844 -150.233
1501 65.5873 -149.83
1502 64.8426 -149.372
1503 63.9635 -148.86
1504 62.9686 -148.293
1505 61.8914 -147.678
1506 60.7856 -147.035
1507 59.7264 -146.402
1508 58.8023 -145.827
1509 58.0955 -145.362
1510 57.664 -145.046
1511 57.5239 -144.902
1512 57.6453 -144.924
1513 57.9641 -145.086
1514 58.3991 -145.347
1515 58.8719 -145.667
1516 59.3211 -146.016
1517 59.7051 -146.376
1518 60 -146.743
1519 60.1947 -147.114
1520 60.284 -147.486
1521 60.2646 -147.845
1522 60.1339 -148.169
1523 59.8895 -148.43
1524 59.5314 -148.602
1525 59.0639 -148.671
1526 58.4987 -148.634
1527 57.8552 -148.505
1528 57.1636 -148.309
1529 56.4598 -148.077
1530 55.7813 -147.838
1531 55.1588 -147.61
1532 54.609 -147.401
1533 54.1294 -147.205
1534 53.7009 -147.009
1535 53.2996 -146.802
1536 52.9096 -146.581
1537 52.5336 -146.358
1538 52.198 -146.161
1539 51.9492 -146.025
1540 51.8422 -145.988
1541 51.9275 -146.074
1542 52.2363 -146.29
1543 52.7747 -146.624
1544 53.5275 -147.047
1545 54.4626 -147.522
1546 55.543 -148.015
1547 56.7273 -148.499
1548 57.9773 -148.957
1549 59.2567 -149.386
1550 60.5204 -149.785
1551 61.7177 -150.155
1552 62.7922 -150.492
1553 63.6931 -150.789
1554 64.3793 -151.036
1555 64.8218 -151.226
1556 65.0063 -151.355
1557 64.9369 -151.433
1558 64.6366 -151.476
1559 64.1467 -151.51
1560 63.5254 -151.565
1561 62.842 -151.667
1562 62.1709 -151.832
1563 61.5838 -152.07
1564 61.1458 -152.379
1565 60.9078 -152.753
1566 60.9039 -153.181
1567 61.1491 -153.652
1568 61.6367 -154.152
1569 62.3392 -154.661
1570 63.2112 -155.157
1571 64.1963 -155.615
1572 65.2387 -156.014
1573 66.2874 -156.337
1574 67.2991 -156.576
1575 68.2444 -156.732
1576 69.1011 -156.811
1577 69.8495 -156.824
1578 70.4682 -156.783
1579 70.9336 -156.694
1580 71.2258 -156.562
1581 71.3332 -156.394
1582 71.2569 -156.194
1583 71.0151 -155.974
1584 70.6422 -155.749
1585 70.1851 -155.545
1586 69.6957 -155.387
1587 69.2231 -155.302
1588 68.8047 -155.312
1589 68.4597 -155.425
1590 68.1816 -155.634
1591 67.9406 -155.913
1592 67.69 -156.227
1593 67.3797 -156.536
1594 66.9699 -156.805
1595 66.4402 -157.021
1596 65.7925 -157.187
1597 65.0472 -157.327
1598 64.2387 -157.474
1599 63.4053 -157.657
1600 62.5751 -157.893
1601 61.7619 -158.18
1602 60.9618 -158.493
1603 60.1587 -158.795
1604 59.3344 -159.049
1605 58.4844 -159.226
1606 57.6268 -159.322
1607 56.806 -159.354
1608 56.0817 -159.357
1609 55.5138 -159.371
1610 55.1475 -159.427
1611 55.0003 -159.542
1612 55.0598 -159.715
1613 55.2872 -159.931
1614 55.6274 -160.165
1615 56.0188 -160.388
1616 56.4042 -160.578
1617 56.7381 -160.72
1618 56.9902 -160.813
1619 57.1474 -160.868
1620 57.2086 -160.906
1621 57.1797 -160.948
1622 57.0654 -161.014
1623 56.863 -161.113
1624 56.5578 -161.246
1625 56.1243 -161.404
1626 55.5331 -161.574
1627 54.7633 -161.743
1628 53.8133 -161.907
1629 52.7089 -162.074
1630 51.5074 -162.261
1631 50.2884 -162.495
1632 49.1411 -162.799
1633 48.1472 -163.194
1634 47.3697 -163.694
1635 46.8467 -164.301
1636 46.5901 -165.011
1637 46.5933 -165.811
1638 46.8363 -166.687
1639 47.2948 -167.62
1640 47.9441 -168.596
1641 48.7636 -169.601
1642 49.7373 -170.622
1643 50.8505 -171.646
1644 52.0874 -172.66
1645 53.4225 -173.648
1646 54.8194 -174.595
1647 56.2287 -175.487
1648 57.5926 -176.312
1649 58.8536 -177.065
1650 59.9649 -177.741
1651 60.8985 -178.342
1652 61.6513 -178.871
1653 62.2446 -179.337
1654 62.7176 -179.753
1655 63.1188 179.861
1656 63.4957 179.482
1657 63.8855 179.086
1658 64.3101 178.658
1659 64.7723 178.196
1660 65.2563 177.716
1661 65.7312 177.253
1662 66.1602 176.853
1663 66.5122 176.56
1664 66.7714 176.405
1665 66.9441 176.396
1666 67.0554 176.519
1667 67.1369 176.746
1668 67.2128 177.051
1669 67.2872 177.418
1670 67.3394 177.85
1671 67.3283 178.362
1672 67.2039 178.982
1673 66.9226 179.732
1674 66.4593 -179.376
1675 65.8165 -178.347
1676 65.0249 -177.203
1677 64.1394 -175.984
1678 63.2224 -174.729
1679 62.3292 -173.465
1680 61.5047 -172.216
1681 60.7742 -170.991
1682 60.1432 -169.79
1683 59.6057 -168.612
1684 59.1517 -167.457
1685 58.7738 -166.334
1686 58.4721 -165.257
1687 58.2574 -164.254
1688 58.1466 -163.355
1689 58.1583 -162.592
1690 58.3077 -161.988
1691 58.5994 -161.557
1692 59.0239 -161.295
1693 59.5567 -161.184
1694 60.16 -161.196
1695 60.7882 -161.3
1696 61.3959 -161.474
1697 61.9487 -161.708
1698 62.4298 -162.01
1699 62.8442 -162.4
1700 63.2196 -162.904
1701 63.5975 -163.545
1702 64.0222 -164.338
1703 64.5286 -165.28
1704 65.1317 -166.353
1705 65.8237 -167.525
1706 66.5759 -168.756
1707 67.3503 -170.001
1708 68.107 -171.216
1709 68.8172 -172.366
1710 69.4669 -173.421
1711 70.0588 -174.364
1712 70.6065 -175.189
1713 71.1255 -175.89
1714 71.6235 -176.458
1715 72.0956 -176.877
1716 72.5216 -177.123
1717 72.8675 -177.163
1718 73.0937 -176.963
1719 73.1652 -176.497
1720 73.0609 -175.755
1721 72.7809 -174.75
1722 72.3486 -173.513
1723 71.8053 -172.095
1724 71.2027 -170.558
1725 70.5889 -168.963
1726 69.9981 -167.364
1727 69.446 -165.8
1728 68.9306 -164.301
1729 68.4378 -162.885
1730 67.9496 -161.562
1731 67.4522 -160.333
1732 66.943 -159.197
1733 66.4345 -158.156
1734 65.9523 -157.223
1735 65.5257 -156.41
1736 65.1814 -155.733
1737 64.9342 -155.202
1738 64.7843 -154.817
1739 64.7144 -154.568
1740 64.6947 -154.426
1741 64.6891 -154.353
1742 64.6659 -154.308
1743 64.6066 -154.257
1744 64.5107 -154.181
1745 64.3973 -154.082
1746 64.2994 -153.978
1747 64.2534 -153.894
1748 64.2877 -153.855
1749 64.4125 -153.877
1750 64.6137 -153.958
1751 64.8554 -154.085
1752 65.0877 -154.231
1753 65.2597 -154.365
1754 65.3344 -154.464
1755 65.3012 -154.517
1756 65.1816 -154.535
1757 65.0241 -154.542
1758 64.8913 -154.569
1759 64.839 -154.646
1760 64.9006 -154.787
1761 65.0718 -154.983
1762 65.3138 -155.206
1763 65.5615 -155.41
1764 65.7436 -155.55
1765 65.8023 -155.588
1766 65.707 -155.511
1767 65.4587 -155.325
1768 65.0838 -155.052
1769 64.624 -154.718
1770 64.1208 -154.345
1771 63.6058 -153.941
1772 63.0948 -153.502
1773 62.5843 -153.014
1774 62.0563 -152.455
1775 61.4892 -151.81
1776 60.8682 -151.068
1777 60.1937 -150.234
1778 59.4892 -149.321
1779 58.7999 -148.355
1780 58.1848 -147.365
1781 57.7056 -146.377
1782 57.4128 -145.419
1783 57.3356 -144.512
1784 57.4736 -143.669
1785 57.8021 -142.901
1786 58.2734 -142.211
1787 58.8237 -141.598
1788 59.3867 -141.051
1789 59.901 -140.557
1790 60.321 -140.104
1791 60.6207 -139.684
1792 60.7956 -139.299
1793 60.8578 -138.959
1794 60.8292 -138.678
1795 60.7321 -138.471
1796 60.5832 -138.342
1797 60.3888 -138.288
1798 60.1471 -138.294
1799 59.8518 -138.343
1800 59.5029 -138.417
1801 59.1152 -138.51
1802 58.7231 -138.632
1803 58.3821 -138.803
1804 58.159 -139.056
1805 58.1156 -139.416
1806 58.2923 -139.901
1807 58.6971 -140.506
1808 59.3027 -141.207
1809 60.0538 -141.96
1810 60.8828 -142.714
1811 61.7252 -143.415
1812 62.5345 -144.019
1813 63.2851 -144.495
1814 63.9695 -144.826
1815 64.5968 -145.005
1816 65.1807 -145.036
1817 65.7312 -144.917
1818 66.2516 -144.647
1819 66.737 -144.213
1820 67.173 -143.599
1821 67.543 -142.788
1822 67.8352 -141.767
1823 68.0474 -140.539
1824 68.1928 -139.128
1825 68.3009 -137.579
1826 68.4143 -135.954
1827 68.577 -134.327
1828 68.8219 -132.772
1829 69.1586 -131.353
1830 69.5689 -130.111
1831 70.0088 -129.057
1832 70.4186 -128.184
1833 70.7402 -127.468
1834 70.9308 -126.889
1835 70.9687 -126.437
1836 70.8526 -126.119
1837 70.594 -125.945
1838 70.2067 -125.922
1839 69.7003 -126.038
1840 69.0772 -126.269
1841 68.3351 -126.573
1842 67.4741 -126.907
1843 66.4969 -127.232
1844 65.4153 -127.521
1845 64.2586 -127.761
1846 63.0732 -127.949
1847 61.9194 -128.087
1848 60.8655 -128.179
1849 59.9783 -128.234
1850 59.3129 -128.264
1851 58.9055 -128.288
1852 58.7708 -128.331
1853 58.9026 -128.418
1854 59.2786 -128.572
1855 59.8674 -128.806
1856 60.6346 -129.131
1857 61.5467 -129.547
1858 62.5716 -130.055
1859 63.6788 -130.648
1860 64.8405 -131.32
1861 66.0276 -132.058
1862 67.2097 -132.844
1863 68.3508 -133.658
1864 69.4109 -134.475
1865 70.3477 -135.271
1866 71.1202 -136.023
1867 71.696 -136.711
1868 72.0558 -137.312
1869 72.197 -137.808
1870 72.1339 -138.18
1871 71.893 -138.418
1872 71.5057 -138.517
1873 71.0022 -138.484
1874 70.4063 -138.335
1875 69.7358 -138.091
1876 69.0022 -137.769
1877 68.2113 -137.378
1878 67.371 -136.921
1879 66.4946 -136.399
1880 65.6015 -135.814
1881 64.7228 -135.177
1882 63.9039 -134.508
1883 63.1999 -133.84
1884 62.6682 -133.206
1885 62.3547 -132.635
1886 62.28 -132.143
1887 62.4294 -131.726
1888 62.754 -131.364
1889 63.1805 -131.027
1890 63.6314 -130.683
1891 64.0436 -130.31
1892 64.3819 -129.903
1893 64.6397 -129.479
1894 64.8301 -129.072
1895 64.9727 -128.722
1896 65.0788 -128.465
1897 65.1418 -128.319
1898 65.1384 -128.282
1899 65.0361 -128.332
1900 64.8048 -128.435
1901 64.4284 -128.563
1902 63.9139 -128.707
1903 63.295 -128.876
1904 62.6275 -129.107
1905 61.9815 -129.444
1906 61.4269 -129.927
1907 61.0164 -130.578
1908 60.7723 -131.389
1909 60.6794 -132.324
1910 60.6862 -133.319
1911 60.7204 -134.302
1912 60.7091 -135.207
1913 60.6012 -135.988
1914 60.3823 -136.628
1915 60.076 -137.14
1916 59.7353 -137.555
1917 59.4216 -137.91
1918 59.1837 -138.229
1919 59.0404 -138.515
1920 58.9745 -138.75
1921 58.9386 -138.899
1922 58.875 -138.924
1923 58.7364 -138.799
1924 58.5077 -138.52
1925 58.2158 -138.114
1926 57.9278 -137.628
1927 57.7329 -137.121
1928 57.7179 -136.643
1929 57.9442 -136.228
1930 58.4346 -135.885
1931 59.1692 -135.604
1932 60.0937 -135.361
1933 61.1314 -135.128
1934 62.1947 -134.873
1935 63.2018 -134.574
1936 64.0855 -134.215
1937 64.8021 -133.795
1938 65.3331 -133.319
1939 65.683 -132.798
1940 65.8728 -132.246
1941 65.9298 -131.675
1942 65.8767 -131.099
1943 65.7255 -130.533
1944 65.4747 -129.988
1945 65.1154 -129.477
1946 64.641 -129.007
1947 64.0596 -128.583
1948 63.4011 -128.208
1949 62.7196 -127.887
1950 62.0898 -127.633
1951 61.5957 -127.466
1952 61.3191 -127.414
1953 61.329 -127.51
1954 61.6691 -127.776
1955 62.353 -128.225
1956 63.3557 -128.84
1957 64.618 -129.589
1958 66.0549 -130.416
1959 67.5748 -131.264
1960 69.103 -132.087
1961 70.5963 -132.859
1962 72.0432 -133.582
1963 73.4592 -134.278
1964 74.8699 -134.986
1965 76.2904 -135.74
1966 77.7128 -136.564
1967 79.0996 -137.459
1968 80.3961 -138.404
1969 81.5414 -139.358
1970 82.4811 -140.272
1971 83.1831 -141.101
1972 83.6449 -141.819
1973 83.8941 -142.427
1974 83.9787 -142.946
1975 83.956 -143.409
1976 83.8759 -143.841
1977 83.7715 -144.249
1978 83.6523 -144.614
1979 83.5055 -144.896
1980 83.3041 -145.053
1981 83.0194 -145.051
1982 82.6351 -144.881
1983 82.1562 -144.563
1984 81.6121 -144.144
1985 81.0481 -143.684
1986 80.5125 -143.242
1987 80.0425 -142.86
1988 79.6525 -142.559
1989 79.3288 -142.337
1990 79.0308 -142.172
1991 78.7042 -142.036
1992 78.2971 -141.908
1993 77.7757 -141.779
1994 77.1328 -141.659
1995 76.3871 -141.572
1996 75.5758 -141.543
1997 74.7395 -141.591
1998 73.9109 -141.714
1999 73.1067 -141.887
2000 72.3281 -142.074
2001 71.5677 -142.233
