1 -98.1174 164.095
2 -98.2683 165.183
3 -98.4201 166.32
4 -98.5535 167.43
5 -98.6558 168.462
6 -98.7267 169.389
7 -98.7762 170.212
8 -98.8167 170.95
9 -98.854 171.624
10 -98.8826 172.245
11 -98.8872 172.802
12 -98.8478 173.269
13 -98.7489 173.605
14 -98.5856 173.779
15 -98.366 173.779
16 -98.1073 173.621
17 -97.8302 173.351
18 -97.5503 173.023
19 -97.2734 172.69
20 -96.996 172.375
21 -96.7067 172.072
22 -96.3921 171.749
23 -96.0393 171.367
24 -95.6407 170.898
25 -95.1962 170.338
26 -94.7132 169.718
27 -94.2045 169.086
28 -93.6829 168.499
29 -93.1591 167.999
30 -92.6421 167.608
31 -92.1377 167.316
32 -91.6486 167.094
33 -91.174 166.899
34 -90.7108 166.694
35 -90.2603 166.461
36 -89.8338 166.207
37 -89.4561 165.962
38 -89.1621 165.77
39 -88.988 165.671
40 -88.9584 165.691
41 -89.075 165.829
42 -89.3145 166.053
43 -89.635 166.315
44 -89.9888 166.56
45 -90.3341 166.746
46 -90.6429 166.86
47 -90.9028 166.914
48 -91.1121 166.942
49 -91.2725 166.985
50 -91.3829 167.071
51 -91.4365 167.206
52 -91.4203 167.37
53 -91.3199 167.527
54 -91.1238 167.641
55 -90.8255 167.688
56 -90.4247 167.672
57 -89.927 167.616
58 -89.3445 167.557
59 -88.6978 167.529
60 -88.0143 167.55
61 -87.3267 167.615
62 -86.667 167.702
63 -86.0635 167.782
64 -85.5382 167.834
65 -85.1026 167.857
66 -84.7617 167.87
67 -84.5165 167.906
68 -84.3658 168.003
69 -84.3086 168.189
70 -84.3443 168.475
71 -84.4712 168.85
72 -84.685 169.288
73 -84.9782 169.755
74 -85.3419 170.224
75 -85.7693 170.681
76 -86.2566 171.134
77 -86.8023 171.605
78 -87.3991 172.124
79 -88.0263 172.71
80 -88.6517 173.362
81 -89.2355 174.051
82 -89.7413 174.727
83 -90.1481 175.329
84 -90.4565 175.809
85 -90.6879 176.14
86 -90.8763 176.333
87 -91.0552 176.429
88 -91.2478 176.49
89 -91.4602 176.57
90 -91.6835 176.704
91 -91.8998 176.891
92 -92.0898 177.1
93 -92.2368 177.285
94 -92.3286 177.4
95 -92.3566 177.42
96 -92.3178 177.351
97 -92.2136 177.224
98 -92.0494 177.084
99 -91.8327 176.975
100 -91.5676 176.919
101 -91.2492 176.911
102 -90.8604 176.919
103 -90.3746 176.902
104 -89.7625 176.817
105 -89.0015 176.64
106 -88.0838 176.367
107 -87.0195 176.014
108 -85.8371 175.617
109 -84.5789 175.214
110 -83.2903 174.833
111 -82.0118 174.485
112 -80.7691 174.157
113 -79.5758 173.816
114 -78.4353 173.421
115 -77.3423 172.94
116 -76.2944 172.36
117 -75.3007 171.697
118 -74.3816 170.986
119 -73.5658 170.274
120 -72.8848 169.601
121 -72.3621 168.988
122 -72.0039 168.43
123 -71.7985 167.907
124 -71.7212 167.392
125 -71.7404 166.869
126 -71.8261 166.343
127 -71.953 165.84
128 -72.1017 165.399
129 -72.2568 165.054
130 -72.4045 164.825
131 -72.531 164.711
132 -72.623 164.694
133 -72.6669 164.743
134 -72.6512 164.827
135 -72.5661 164.928
136 -72.4037 165.04
137 -72.1567 165.174
138 -71.8189 165.345
139 -71.3863 165.568
140 -70.86 165.846
141 -70.2479 166.161
142 -69.5643 166.482
143 -68.8265 166.765
144 -68.0515 166.97
145 -67.254 167.074
146 -66.4448 167.08
147 -65.634 167.014
148 -64.831 166.922
149 -64.0448 166.848
150 -63.2859 166.82
151 -62.5618 166.843
152 -61.8746 166.897
153 -61.2221 166.951
154 -60.6027 166.975
155 -60.0199 166.955
156 -59.4876 166.897
157 -59.0277 166.826
158 -58.6618 166.775
159 -58.4002 166.766
160 -58.2353 166.809
161 -58.1421 166.89
162 -58.0872 166.986
163 -58.0421 167.07
164 -57.9926 167.124
165 -57.9431 167.149
166 -57.9077 167.167
167 -57.9017 167.211
168 -57.93 167.318
169 -57.9857 167.516
170 -58.051 167.819
171 -58.1058 168.218
172 -58.1329 168.687
173 -58.1219 169.192
174 -58.0707 169.703
175 -57.9872 170.2
176 -57.889 170.685
177 -57.8029 171.177
178 -57.7582 171.703
179 -57.7768 172.284
180 -57.8626 172.924
181 -57.9969 173.598
182 -58.141 174.259
183 -58.2518 174.852
184 -58.2976 175.33
185 -58.2726 175.675
186 -58.2013 175.898
187 -58.1325 176.04
188 -58.1253 176.158
189 -58.231 176.305
190 -58.4797 176.514
191 -58.8703 176.789
192 -59.3759 177.109
193 -59.9473 177.434
194 -60.5271 177.721
195 -61.0631 177.939
196 -61.5168 178.077
197 -61.8652 178.141
198 -62.1021 178.146
199 -62.2338 178.106
200 -62.2713 178.026
201 -62.2234 177.898
202 -62.0892 177.705
203 -61.8565 177.427
204 -61.5052 177.047
205 -61.0151 176.566
206 -60.374 175.999
207 -59.5837 175.371
208 -58.6641 174.718
209 -57.6505 174.07
210 -56.586 173.446
211 -55.5144 172.851
212 -54.4731 172.278
213 -53.4914 171.714
214 -52.5925 171.146
215 -51.795 170.572
216 -51.1144 169.998
217 -50.5565 169.44
218 -50.1177 168.912
219 -49.7843 168.423
220 -49.5349 167.967
221 -49.3481 167.524
222 -49.2099 167.068
223 -49.1191 166.576
224 -49.0841 166.035
225 -49.1168 165.449
226 -49.2225 164.831
227 -49.3929 164.204
228 -49.6039 163.591
229 -49.8187 163.009
230 -49.9984 162.464
231 -50.111 161.952
232 -50.139 161.465
233 -50.0823 161.003
234 -49.9577 160.583
235 -49.7952 160.236
236 -49.6336 160.009
237 -49.5142 159.948
238 -49.4696 160.087
239 -49.5153 160.435
240 -49.6426 160.968
241 -49.8214 161.633
242 -50.0115 162.364
243 -50.1796 163.097
244 -50.3155 163.79
245 -50.4414 164.427
246 -50.6068 165.018
247 -50.8753 165.588
248 -51.3013 166.163
249 -51.9116 166.755
250 -52.6948 167.354
251 -53.6071 167.925
252 -54.5854 168.423
253 -55.5715 168.797
254 -56.5238 169.015
255 -57.4209 169.068
256 -58.2592 168.972
257 -59.0451 168.767
258 -59.7838 168.5
259 -60.4725 168.213
260 -61.0966 167.922
261 -61.6287 167.621
262 -62.0306 167.279
263 -62.2625 166.86
264 -62.2896 166.335
265 -62.0904 165.702
266 -61.6646 164.984
267 -61.0383 164.228
268 -60.2621 163.489
269 -59.4036 162.818
270 -58.534 162.245
271 -57.7129 161.78
272 -56.976 161.415
273 -56.334 161.128
274 -55.7812 160.904
275 -55.3115 160.737
276 -54.9298 160.641
277 -54.6568 160.639
278 -54.5197 160.759
279 -54.5407 161.017
280 -54.7249 161.413
281 -55.0542 161.925
282 -55.4907 162.511
283 -55.9863 163.122
284 -56.4947 163.712
285 -56.9812 164.249
286 -57.4269 164.724
287 -57.8268 165.144
288 -58.1863 165.53
289 -58.5161 165.901
290 -58.8262 166.27
291 -59.1239 166.632
292 -59.4129 166.972
293 -59.692 167.263
294 -59.9554 167.483
295 -60.1937 167.615
296 -60.3942 167.655
297 -60.5438 167.609
298 -60.632 167.491
299 -60.654 167.307
300 -60.6136 167.059
301 -60.52 166.733
302 -60.3839 166.313
303 -60.2132 165.784
304 -60.0077 165.139
305 -59.7604 164.386
306 -59.4574 163.541
307 -59.0829 162.626
308 -58.6229 161.661
309 -58.0696 160.656
310 -57.4243 159.609
311 -56.7013 158.517
312 -55.9297 157.381
313 -55.1555 156.213
314 -54.4388 155.047
315 -53.8478 153.934
316 -53.4432 152.932
317 -53.2614 152.096
318 -53.3017 151.458
319 -53.5225 151.023
320 -53.8547 150.764
321 -54.221 150.637
322 -54.5579 150.588
323 -54.8313 150.576
324 -55.0386 150.578
325 -55.2015 150.597
326 -55.3499 150.654
327 -55.5045 150.777
328 -55.6658 150.987
329 -55.8109 151.285
330 -55.9013 151.648
331 -55.8974 152.035
332 -55.7746 152.394
333 -55.5347 152.688
334 -55.2114 152.899
335 -54.8691 153.041
336 -54.5941 153.153
337 -54.4757 153.291
338 -54.5859 153.506
339 -54.9601 153.831
340 -55.5886 154.263
341 -56.4223 154.765
342 -57.3908 155.278
343 -58.4238 155.743
344 -59.4702 156.115
345 -60.5131 156.388
346 -61.5664 156.587
347 -62.6632 156.761
348 -63.8372 156.963
349 -65.1017 157.229
350 -66.4363 157.566
351 -67.7866 157.952
352 -69.0803 158.345
353 -70.2407 158.702
354 -71.2046 158.991
355 -71.9379 159.21
356 -72.4385 159.381
357 -72.7337 159.543
358 -72.8738 159.742
359 -72.9204 160.012
360 -72.9333 160.371
361 -72.9589 160.812
362 -73.0223 161.308
363 -73.1266 161.821
364 -73.2585 162.319
365 -73.3968 162.78
366 -73.5232 163.205
367 -73.631 163.614
368 -73.7309 164.039
369 -73.8503 164.508
370 -74.0275 165.04
371 -74.2993 165.634
372 -74.688 166.27
373 -75.192 166.916
374 -75.7833 167.535
375 -76.4133 168.101
376 -77.0221 168.597
377 -77.55 169.016
378 -77.9482 169.355
379 -78.1894 169.61
380 -78.2734 169.772
381 -78.2281 169.832
382 -78.1032 169.787
383 -77.9584 169.639
384 -77.8475 169.403
385 -77.8028 169.099
386 -77.8243 168.749
387 -77.8799 168.369
388 -77.9163 167.97
389 -77.8776 167.549
390 -77.7261 167.097
391 -77.4545 166.601
392 -77.0887 166.052
393 -76.6788 165.453
394 -76.2867 164.824
395 -75.9745 164.209
396 -75.7923 163.66
397 -75.7665 163.233
398 -75.892 162.96
399 -76.1321 162.839
400 -76.4273 162.835
401 -76.7116 162.887
402 -76.9306 162.934
403 -77.0566 162.936
404 -77.095 162.881
405 -77.0798 162.791
406 -77.0583 162.71
407 -77.0713 162.683
408 -77.134 162.738
409 -77.2279 162.879
410 -77.3073 163.077
411 -77.3151 163.287
412 -77.2014 163.456
413 -76.9366 163.542
414 -76.5158 163.523
415 -75.9548 163.404
416 -75.2827 163.211
417 -74.533 162.981
418 -73.739 162.753
419 -72.929 162.553
420 -72.1196 162.382
421 -71.3116 162.222
422 -70.4892 162.036
423 -69.6218 161.785
424 -68.6731 161.447
425 -67.6178 161.025
426 -66.4532 160.549
427 -65.2043 160.069
428 -63.9246 159.637
429 -62.6837 159.29
430 -61.5481 159.044
431 -60.5646 158.888
432 -59.7525 158.797
433 -59.1097 158.743
434 -58.6273 158.71
435 -58.3061 158.7
436 -58.165 158.731
437 -58.2379 158.83
438 -58.5615 159.022
439 -59.1599 159.321
440 -60.0322 159.723
441 -61.1496 160.209
442 -62.457 160.745
443 -63.8875 161.296
444 -65.3709 161.838
445 -66.8354 162.358
446 -68.2173 162.863
447 -69.4661 163.375
448 -70.5492 163.919
449 -71.4541 164.515
450 -72.1836 165.17
451 -72.7463 165.871
452 -73.1451 166.587
453 -73.3709 167.286
454 -73.4026 167.935
455 -73.2137 168.517
456 -72.7818 169.026
457 -72.0984 169.466
458 -71.1753 169.847
459 -70.0469 170.174
460 -68.77 170.45
461 -67.4174 170.671
462 -66.0677 170.834
463 -64.7918 170.935
464 -63.6408 170.974
465 -62.6387 170.955
466 -61.7816 170.881
467 -61.0435 170.76
468 -60.3847 170.593
469 -59.7652 170.377
470 -59.1575 170.101
471 -58.5527 169.749
472 -57.9598 169.311
473 -57.4002 168.786
474 -56.9021 168.194
475 -56.4907 167.57
476 -56.1762 166.958
477 -55.9443 166.395
478 -55.7512 165.899
479 -55.5288 165.456
480 -55.1997 165.033
481 -54.6997 164.588
482 -53.9996 164.095
483 -53.1202 163.56
484 -52.1344 163.024
485 -51.151 162.551
486 -50.2873 162.209
487 -49.6372 162.052
488 -49.2454 162.098
489 -49.0993 162.334
490 -49.1424 162.716
491 -49.2986 163.18
492 -49.4974 163.658
493 -49.6955 164.092
494 -49.8835 164.442
495 -50.0817 164.695
496 -50.3271 164.861
497 -50.6576 164.972
498 -51.0919 165.062
499 -51.6162 165.152
500 -52.1823 165.238
501 -52.7137 165.284
502 -53.1236 165.239
503 -53.3338 165.049
504 -53.2908 164.683
505 -52.9757 164.14
506 -52.4081 163.456
507 -51.6407 162.693
508 -50.7454 161.925
509 -49.7941 161.217
510 -48.8394 160.609
511 -47.9017 160.111
512 -46.9696 159.708
513 -46.0157 159.373
514 -45.0179 159.089
515 -43.9733 158.849
516 -42.9091 158.665
517 -41.8795 158.561
518 -40.9529 158.559
519 -40.1917 158.673
520 -39.6354 158.9
521 -39.2937 159.219
522 -39.1482 159.597
523 -39.1649 159.99
524 -39.3049 160.359
525 -39.5355 160.673
526 -39.8361 160.919
527 -40.1976 161.097
528 -40.6206 161.221
529 -41.1097 161.31
530 -41.6708 161.383
531 -42.3093 161.452
532 -43.0282 161.521
533 -43.8264 161.582
534 -44.6952 161.629
535 -45.6169 161.653
536 -46.5643 161.661
537 -47.5053 161.67
538 -48.4121 161.705
539 -49.2678 161.797
540 -50.0714 161.967
541 -50.833 162.223
542 -51.5674 162.561
543 -52.2869 162.967
544 -52.9953 163.429
545 -53.6861 163.941
546 -54.3445 164.501
547 -54.9495 165.111
548 -55.4763 165.766
549 -55.8996 166.451
550 -56.1967 167.142
551 -56.353 167.811
552 -56.3685 168.442
553 -56.263 169.03
554 -56.0769 169.586
555 -55.8664 170.135
556 -55.6912 170.704
557 -55.598 171.306
558 -55.6091 171.938
559 -55.7159 172.578
560 -55.8901 173.188
561 -56.0998 173.727
562 -56.3281 174.163
563 -56.584 174.482
564 -56.9014 174.688
565 -57.326 174.807
566 -57.895 174.878
567 -58.6166 174.944
568 -59.4598 175.034
569 -60.362 175.159
570 -61.2472 175.303
571 -62.0488 175.433
572 -62.7218 175.506
573 -63.2515 175.487
574 -63.6484 175.353
575 -63.9368 175.107
576 -64.146 174.772
577 -64.303 174.384
578 -64.4241 173.98
579 -64.5113 173.59
580 -64.5507 173.217
581 -64.5168 172.843
582 -64.3789 172.441
583 -64.1116 171.983
584 -63.7068 171.464
585 -63.1803 170.902
586 -62.5752 170.336
587 -61.9529 169.818
588 -61.3804 169.395
589 -60.9084 169.095
590 -60.5564 168.918
591 -60.307 168.84
592 -60.116 168.823
593 -59.9301 168.827
594 -59.7089 168.83
595 -59.4389 168.828
596 -59.1394 168.839
597 -58.8553 168.891
598 -58.6434 169.016
599 -58.5549 169.234
600 -58.6197 169.55
601 -58.8413 169.948
602 -59.1997 170.396
603 -59.6609 170.855
604 -60.1887 171.296
605 -60.7511 171.699
606 -61.3272 172.068
607 -61.9091 172.42
608 -62.5034 172.783
609 -63.1281 173.177
610 -63.805 173.613
611 -64.5522 174.083
612 -65.3749 174.563
613 -66.2603 175.022
614 -67.1767 175.432
615 -68.0766 175.773
616 -68.9056 176.039
617 -69.6097 176.232
618 -70.1495 176.357
619 -70.5081 176.421
620 -70.6886 176.423
621 -70.7152 176.367
622 -70.6273 176.26
623 -70.4686 176.118
624 -70.2778 175.959
625 -70.0784 175.807
626 -69.875 175.679
627 -69.6562 175.585
628 -69.4025 175.525
629 -69.0976 175.49
630 -68.7377 175.464
631 -68.3375 175.431
632 -67.9293 175.381
633 -67.5618 175.314
634 -67.2927 175.239
635 -67.1797 175.18
636 -67.2681 175.166
637 -67.5792 175.226
638 -68.1009 175.375
639 -68.7913 175.608
640 -69.5924 175.899
641 -70.4507 176.211
642 -71.3356 176.512
643 -72.2539 176.788
644 -73.2486 177.052
645 -74.3823 177.34
646 -75.7134 177.696
647 -77.2659 178.156
648 -79.0162 178.734
649 -80.8938 179.409
650 -82.7974 -179.869
651 -84.6249 -179.163
652 -86.3013 -178.532
653 -87.7834 -178.017
654 -89.0616 -177.631
655 -90.1575 -177.36
656 -91.1078 -177.174
657 -91.9516 -177.036
658 -92.7165 -176.92
659 -93.4111 -176.818
660 -94.0254 -176.744
661 -94.5349 -176.728
662 -94.9115 -176.802
663 -95.1334 -176.99
664 -95.1926 -177.293
665 -95.1001 -177.692
666 -94.8853 -178.148
667 -94.5916 -178.614
668 -94.268 -179.048
669 -93.9577 -179.426
670 -93.6894 -179.751
671 -93.4719 179.955
672 -93.2982 179.656
673 -93.1521 179.315
674 -93.0205 178.91
675 -92.9033 178.442
676 -92.8175 177.931
677 -92.7951 177.416
678 -92.8751 176.934
679 -93.0933 176.512
680 -93.4727 176.162
681 -94.0193 175.878
682 -94.7225 175.646
683 -95.5576 175.454
684 -96.4898 175.299
685 -97.4794 175.19
686 -98.4853 175.146
687 -99.4703 175.18
688 -100.405 175.302
689 -101.273 175.506
690 -102.071 175.775
691 -102.806 176.085
692 -103.487 176.412
693 -104.113 176.741
694 -104.676 177.063
695 -105.153 177.379
696 -105.518 177.693
697 -105.748 178.006
698 -105.832 178.313
699 -105.779 178.602
700 -105.617 178.854
701 -105.385 179.052
702 -105.126 179.185
703 -104.88 179.251
704 -104.672 179.259
705 -104.515 179.223
706 -104.411 179.163
707 -104.35 179.088
708 -104.317 178.996
709 -104.297 178.872
710 -104.275 178.685
711 -104.244 178.407
712 -104.207 178.019
713 -104.184 177.522
714 -104.205 176.94
715 -104.305 176.32
716 -104.512 175.711
717 -104.827 175.154
718 -105.223 174.666
719 -105.648 174.234
720 -106.043 173.829
721 -106.357 173.422
722 -106.565 173.002
723 -106.664 172.587
724 -106.671 172.225
725 -106.61 171.978
726 -106.498 171.906
727 -106.35 172.047
728 -106.169 172.406
729 -105.957 172.95
730 -105.707 173.619
731 -105.409 174.347
732 -105.049 175.072
733 -104.617 175.752
734 -104.11 176.365
735 -103.536 176.912
736 -102.913 177.402
737 -102.263 177.849
738 -101.608 178.256
739 -100.964 178.613
740 -100.331 178.894
741 -99.6974 179.063
742 -99.0441 179.081
743 -98.353 178.922
744 -97.6167 178.584
745 -96.8415 178.092
746 -96.0521 177.495
747 -95.2924 176.855
748 -94.6132 176.227
749 -94.0606 175.643
750 -93.6652 175.107
751 -93.4309 174.599
752 -93.3352 174.089
753 -93.3368 173.555
754 -93.3894 172.994
755 -93.4561 172.429
756 -93.5164 171.895
757 -93.5668 171.428
758 -93.6142 171.048
759 -93.6668 170.76
760 -93.7269 170.554
761 -93.7874 170.417
762 -93.8328 170.343
763 -93.842 170.334
764 -93.7915 170.4
765 -93.6609 170.557
766 -93.4376 170.814
767 -93.1203 171.173
768 -92.7238 171.628
769 -92.2769 172.162
770 -91.8171 172.756
771 -91.3831 173.385
772 -91.0076 174.026
773 -90.7098 174.653
774 -90.491 175.246
775 -90.3334 175.793
776 -90.2039 176.287
777 -90.0597 176.726
778 -89.8571 177.099
779 -89.5597 177.388
780 -89.1454 177.568
781 -88.61 177.614
782 -87.9653 177.508
783 -87.2369 177.256
784 -86.4547 176.88
785 -85.6408 176.418
786 -84.802 175.914
787 -83.928 175.399
788 -82.9993 174.887
789 -81.998 174.375
790 -80.9174 173.848
791 -79.7707 173.292
792 -78.5932 172.711
793 -77.4393 172.124
794 -76.3738 171.567
795 -75.4585 171.082
796 -74.7383 170.7
797 -74.2286 170.434
798 -73.9143 170.276
799 -73.7555 170.193
800 -73.7002 170.148
801 -73.7024 170.107
802 -73.7371 170.058
803 -73.808 170.014
804 -73.946 170.014
805 -74.1961 170.112
806 -74.597 170.355
807 -75.1588 170.771
808 -75.8473 171.352
809 -76.586 172.054
810 -77.2772 172.813
811 -77.8257 173.556
812 -78.1631 174.222
813 -78.2611 174.777
814 -78.1358 175.216
815 -77.8394 175.558
816 -77.4435 175.838
817 -77.0175 176.088
818 -76.6079 176.322
819 -76.2281 176.529
820 -75.8599 176.675
821 -75.4655 176.714
822 -75.0048 176.608
823 -74.4486 176.346
824 -73.7887 175.946
825 -73.0428 175.461
826 -72.2519 174.958
827 -71.4704 174.502
828 -70.7504 174.141
829 -70.1235 173.896
830 -69.5922 173.758
831 -69.1269 173.703
832 -68.6776 173.706
833 -68.1891 173.755
834 -67.6172 173.856
835 -66.9415 174.026
836 -66.1688 174.285
837 -65.3314 174.641
838 -64.4776 175.087
839 -63.6601 175.599
840 -62.9248 176.145
841 -62.3034 176.685
842 -61.8102 177.184
843 -61.4435 177.609
844 -61.1895 177.939
845 -61.0245 178.164
846 -60.9237 178.29
847 -60.8674 178.329
848 -60.8466 178.298
849 -60.8645 178.216
850 -60.932 178.093
851 -61.06 177.93
852 -61.25 177.725
853 -61.4868 177.478
854 -61.7368 177.193
855 -61.9522 176.885
856 -62.0798 176.576
857 -62.0717 176.286
858 -61.8931 176.025
859 -61.5286 175.79
860 -60.982 175.57
861 -60.2733 175.35
862 -59.4363 175.13
863 -58.5145 174.919
864 -57.5549 174.745
865 -56.5996 174.633
866 -55.6784 174.605
867 -54.8016 174.667
868 -53.9643 174.806
869 -53.1536 174.999
870 -52.3619 175.223
871 -51.598 175.46
872 -50.8924 175.705
873 -50.294 175.963
874 -49.8567 176.24
875 -49.6214 176.538
876 -49.5993 176.85
877 -49.7623 177.154
878 -50.0468 177.417
879 -50.3681 177.597
880 -50.6414 177.654
881 -50.7997 177.554
882 -50.8068 177.279
883 -50.6588 176.835
884 -50.3755 176.248
885 -49.988 175.556
886 -49.5227 174.803
887 -48.9904 174.023
888 -48.3822 173.238
889 -47.6751 172.453
890 -46.847 171.67
891 -45.8921 170.896
892 -44.8315 170.155
893 -43.7221 169.49
894 -42.6522 168.959
895 -41.7215 168.62
896 -41.0235 168.518
897 -40.6214 168.676
898 -40.5367 169.08
899 -40.7476 169.692
900 -41.1973 170.451
901 -41.8147 171.29
902 -42.5332 172.15
903 -43.3069 172.99
904 -44.1146 173.794
905 -44.9548 174.564
906 -45.8337 175.309
907 -46.7523 176.034
908 -47.6951 176.733
909 -48.6274 177.383
910 -49.4967 177.943
911 -50.245 178.371
912 -50.8241 178.629
913 -51.2066 178.702
914 -51.3937 178.596
915 -51.4173 178.343
916 -51.3339 177.992
917 -51.2133 177.592
918 -51.1242 177.184
919 -51.1199 176.79
920 -51.227 176.411
921 -51.4428 176.032
922 -51.7372 175.633
923 -52.0653 175.199
924 -52.3809 174.724
925 -52.6502 174.221
926 -52.8629 173.71
927 -53.0352 173.212
928 -53.2012 172.746
929 -53.3959 172.32
930 -53.6389 171.931
931 -53.9252 171.575
932 -54.2272 171.246
933 -54.5031 170.945
934 -54.7094 170.682
935 -54.8133 170.47
936 -54.7988 170.324
937 -54.6703 170.249
938 -54.4503 170.246
939 -54.1772 170.306
940 -53.898 170.416
941 -53.662 170.561
942 -53.5106 170.726
943 -53.469 170.897
944 -53.5374 171.061
945 -53.6904 171.202
946 -53.8819 171.301
947 -54.0572 171.33
948 -54.1693 171.255
949 -54.1939 171.043
950 -54.1377 170.668
951 -54.0387 170.117
952 -53.9556 169.402
953 -53.9513 168.552
954 -54.0728 167.612
955 -54.3366 166.628
956 -54.7217 165.639
957 -55.1796 164.66
958 -55.6507 163.692
959 -56.0855 162.718
960 -56.4583 161.723
961 -56.7741 160.703
962 -57.0621 159.672
963 -57.3664 158.661
964 -57.7296 157.709
965 -58.1766 156.856
966 -58.703 156.127
967 -59.2723 155.528
968 -59.8261 155.035
969 -60.299 154.609
970 -60.6357 154.204
971 -60.8052 153.784
972 -60.8085 153.336
973 -60.68 152.879
974 -60.4803 152.463
975 -60.2811 152.151
976 -60.1455 152.005
977 -60.1071 152.059
978 -60.1585 152.312
979 -60.2529 152.721
980 -60.3201 153.213
981 -60.2889 153.708
982 -60.11 154.136
983 -59.7696 154.458
984 -59.2945 154.667
985 -58.7453 154.788
986 -58.2 154.863
987 -57.7326 154.934
988 -57.3922 155.021
989 -57.1903 155.114
990 -57.1038 155.171
991 -57.0891 155.135
992 -57.1004 154.952
993 -57.1082 154.593
994 -57.1094 154.066
995 -57.1293 153.416
996 -57.2162 152.711
997 -57.4314 152.029
998 -57.8319 151.436
999 -58.4535 150.973
1000 -59.2994 150.65
1001 -60.3349 150.449
1002 -61.4932 150.34
1003 -62.6868 150.292
1004 -63.825 150.281
1005 -64.8344 150.296
1006 -65.6733 150.337
1007 -66.3348 150.412
1008 -66.8451 150.532
1009 -67.2466 150.702
1010 -67.5783 150.921
1011 -67.859 151.173
1012 -68.0786 151.43
1013 -68.204 151.653
1014 -68.1925 151.806
1015 -68.0105 151.858
1016 -67.6472 151.798
1017 -67.1214 151.629
1018 -66.4813 151.376
1019 -65.796 151.07
1020 -65.1454 150.746
1021 -64.6049 150.433
1022 -64.2332 150.149
1023 -64.0599 149.898
1024 -64.0814 149.671
1025 -64.2628 149.451
1026 -64.5461 149.216
1027 -64.8637 148.943
1028 -65.1564 148.606
1029 -65.3891 148.185
1030 -65.5573 147.672
1031 -65.6863 147.075
1032 -65.8194 146.418
1033 -65.9989 145.744
1034 -66.2459 145.1
1035 -66.5454 144.521
1036 -66.8461 144.022
1037 -67.0756 143.599
1038 -67.1655 143.233
1039 -67.0767 142.909
1040 -66.8146 142.625
1041 -66.4287 142.397
1042 -65.9999 142.26
1043 -65.6195 142.256
1044 -65.366 142.425
1045 -65.2858 142.785
1046 -65.3831 143.329
1047 -65.6205 144.019
1048 -65.9301 144.789
1049 -66.2319 145.559
1050 -66.4557 146.243
1051 -66.5578 146.772
1052 -66.5322 147.105
1053 -66.4113 147.235
1054 -66.255 147.187
1055 -66.1311 147.005
1056 -66.0909 146.733
1057 -66.1494 146.399
1058 -66.2806 146.005
1059 -66.4256 145.53
1060 -66.5156 144.944
1061 -66.4954 144.224
1062 -66.343 143.37
1063 -66.0783 142.414
1064 -65.762 141.414
1065 -65.4826 140.451
1066 -65.3346 139.606
1067 -65.3912 138.947
1068 -65.6804 138.51
1069 -66.1735 138.297
1070 -66.7918 138.279
1071 -67.4261 138.408
1072 -67.9659 138.632
1073 -68.3278 138.914
1074 -68.4721 139.238
1075 -68.4074 139.613
1076 -68.1841 140.065
1077 -67.8741 140.626
1078 -67.5457 141.318
1079 -67.2386 142.142
1080 -66.9515 143.069
1081 -66.6427 144.045
1082 -66.2482 145.007
1083 -65.7055 145.894
1084 -64.9772 146.664
1085 -64.0672 147.3
1086 -63.0284 147.808
1087 -61.9579 148.215
1088 -60.9805 148.553
1089 -60.2192 148.849
1090 -59.7657 149.112
1091 -59.6547 149.334
1092 -59.8562 149.485
1093 -60.2866 149.526
1094 -60.8352 149.418
1095 -61.3963 149.138
1096 -61.8951 148.68
1097 -62.3027 148.068
1098 -62.6355 147.347
1099 -62.9429 146.579
1100 -63.2885 145.84
1101 -63.7264 145.197
1102 -64.2836 144.706
1103 -64.9502 144.398
1104 -65.6818 144.28
1105 -66.4131 144.337
1106 -67.0757 144.54
1107 -67.6152 144.863
1108 -68.0036 145.281
1109 -68.2458 145.785
1110 -68.3789 146.376
1111 -68.4606 147.063
1112 -68.5505 147.85
1113 -68.6874 148.731
1114 -68.8711 149.675
1115 -69.0557 150.626
1116 -69.1604 151.511
1117 -69.092 152.251
1118 -68.7725 152.775
1119 -68.1612 153.037
1120 -67.2683 153.023
1121 -66.1553 152.756
1122 -64.9224 152.29
1123 -63.6896 151.703
1124 -62.5655 151.07
1125 -61.6232 150.451
1126 -60.8853 149.871
1127 -60.3244 149.318
1128 -59.8819 148.755
1129 -59.4928 148.134
1130 -59.1101 147.423
1131 -58.7252 146.618
1132 -58.3765 145.759
1133 -58.1419 144.917
1134 -58.1175 144.182
1135 -58.3864 143.633
1136 -58.9816 143.316
1137 -59.8655 143.221
1138 -60.9332 143.288
1139 -62.0425 143.429
1140 -63.0565 143.557
1141 -63.8797 143.609
1142 -64.4773 143.564
1143 -64.8777 143.447
1144 -65.1608 143.314
1145 -65.4327 143.24
1146 -65.7952 143.295
1147 -66.3142 143.525
1148 -67.0019 143.933
1149 -67.8144 144.485
1150 -68.6681 145.116
1151 -69.465 145.749
1152 -70.1173 146.318
1153 -70.5687 146.783
1154 -70.8064 147.14
1155 -70.8608 147.417
1156 -70.7987 147.662
1157 -70.7016 147.927
1158 -70.639 148.244
1159 -70.6427 148.611
1160 -70.6935 148.994
1161 -70.7282 149.333
1162 -70.6617 149.566
1163 -70.4145 149.647
1164 -69.9385 149.562
1165 -69.2344 149.325
1166 -68.3554 148.974
1167 -67.4018 148.561
1168 -66.4922 148.134
1169 -65.7358 147.73
1170 -65.2107 147.37
1171 -64.9442 147.058
1172 -64.9127 146.784
1173 -65.0531 146.529
1174 -65.2842 146.273
1175 -65.5283 145.999
1176 -65.7303 145.699
1177 -65.8666 145.371
1178 -65.9475 145.026
1179 -66.0097 144.684
1180 -66.1018 144.369
1181 -66.268 144.105
1182 -66.5323 143.906
1183 -66.8879 143.78
1184 -67.2977 143.72
1185 -67.7041 143.714
1186 -68.0476 143.747
1187 -68.2861 143.812
1188 -68.414 143.909
1189 -68.4684 144.051
1190 -68.5209 144.259
1191 -68.659 144.557
1192 -68.9609 144.964
1193 -69.4696 145.491
1194 -70.1779 146.127
1195 -71.0275 146.842
1196 -71.9252 147.59
1197 -72.7677 148.31
1198 -73.4661 148.941
1199 -73.9633 149.429
1200 -74.2423 149.739
1201 -74.3186 149.861
1202 -74.2302 149.809
1203 -74.0191 149.615
1204 -73.7185 149.317
1205 -73.34 148.95
1206 -72.8704 148.532
1207 -72.277 148.064
1208 -71.5193 147.533
1209 -70.5657 146.924
1210 -69.4107 146.231
1211 -68.0855 145.472
1212 -66.6601 144.692
1213 -65.2404 143.962
1214 -63.9493 143.365
1215 -62.8974 142.977
1216 -62.1548 142.845
1217 -61.7298 142.972
1218 -61.5682 143.315
1219 -61.5703 143.792
1220 -61.6233 144.308
1221 -61.6358 144.776
1222 -61.5641 145.141
1223 -61.4198 145.389
1224 -61.261 145.543
1225 -61.1666 145.642
1226 -61.2048 145.724
1227 -61.4057 145.8
1228 -61.7508 145.849
1229 -62.1795 145.82
1230 -62.6124 145.656
1231 -62.9762 145.307
1232 -63.2247 144.752
1233 -63.3499 144.005
1234 -63.3832 143.113
1235 -63.3874 142.153
1236 -63.4405 141.211
1237 -63.6127 140.366
1238 -63.9425 139.675
1239 -64.4206 139.162
1240 -64.9856 138.816
1241 -65.5379 138.601
1242 -65.9635 138.469
1243 -66.1618 138.383
1244 -66.073 138.329
1245 -65.6988 138.325
1246 -65.1037 138.411
1247 -64.3976 138.643
1248 -63.7054 139.069
1249 -63.1297 139.715
1250 -62.7242 140.575
1251 -62.4865 141.604
1252 -62.3718 142.742
1253 -62.3168 143.917
1254 -62.2665 145.061
1255 -62.1907 146.132
1256 -62.0925 147.105
1257 -62.0052 147.976
1258 -61.9807 148.755
1259 -62.0725 149.452
1260 -62.3187 150.075
1261 -62.7269 150.622
1262 -63.2667 151.074
1263 -63.8714 151.398
1264 -64.4509 151.552
1265 -64.9109 151.495
1266 -65.1746 151.196
1267 -65.2016 150.638
1268 -64.9996 149.836
1269 -64.6248 148.833
1270 -64.1723 147.701
1271 -63.7528 146.527
1272 -63.4615 145.4
1273 -63.3526 144.397
1274 -63.4225 143.566
1275 -63.6131 142.915
1276 -63.8346 142.425
1277 -63.9964 142.059
1278 -64.0355 141.781
1279 -63.934 141.57
1280 -63.7212 141.433
1281 -63.4626 141.4
1282 -63.2385 141.513
1283 -63.1161 141.812
1284 -63.1256 142.311
1285 -63.2464 142.986
1286 -63.4123 143.778
1287 -63.5335 144.602
1288 -63.5241 145.371
1289 -63.3313 146.021
1290 -62.9524 146.52
1291 -62.4419 146.879
1292 -61.9051 147.146
1293 -61.4768 147.391
1294 -61.2887 147.682
1295 -61.4318 148.068
1296 -61.928 148.553
1297 -62.7233 149.102
1298 -63.7073 149.645
1299 -64.7464 150.105
1300 -65.7177 150.413
1301 -66.5362 150.531
1302 -67.1686 150.464
1303 -67.6324 150.251
1304 -67.9823 149.962
1305 -68.2867 149.666
1306 -68.5985 149.416
1307 -68.9299 149.226
1308 -69.2434 149.069
1309 -69.4632 148.889
1310 -69.4995 148.623
1311 -69.2794 148.229
1312 -68.7704 147.7
1313 -67.9946 147.067
1314 -67.0288 146.397
1315 -65.9924 145.776
1316 -65.0219 145.285
1317 -64.2381 144.985
1318 -63.7153 144.902
1319 -63.4661 145.025
1320 -63.4446 145.309
1321 -63.566 145.697
1322 -63.7338 146.129
1323 -63.8647 146.561
1324 -63.9091 146.971
1325 -63.8602 147.359
1326 -63.7505 147.74
1327 -63.6391 148.139
1328 -63.5897 148.573
1329 -63.6475 149.047
1330 -63.8229 149.545
1331 -64.0862 150.034
1332 -64.3773 150.473
1333 -64.6235 150.823
1334 -64.7621 151.056
1335 -64.7635 151.163
1336 -64.6418 151.153
1337 -64.4557 151.048
1338 -64.2939 150.884
1339 -64.2501 150.699
1340 -64.394 150.528
1341 -64.7493 150.398
1342 -65.2853 150.318
1343 -65.9242 150.281
1344 -66.5628 150.264
1345 -67.0984 150.233
1346 -67.4555 150.154
1347 -67.602 150.001
1348 -67.5517 149.762
1349 -67.3553 149.444
1350 -67.085 149.074
1351 -66.8152 148.69
1352 -66.602 148.335
1353 -66.4697 148.041
1354 -66.4039 147.821
1355 -66.3567 147.666
1356 -66.2641 147.55
1357 -66.0678 147.439
1358 -65.7375 147.303
1359 -65.2847 147.132
1360 -64.7653 146.941
1361 -64.2684 146.768
1362 -63.8947 146.671
1363 -63.7252 146.708
1364 -63.7921 146.916
1365 -64.0661 147.297
1366 -64.4605 147.813
1367 -64.8555 148.387
1368 -65.1343 148.931
1369 -65.2161 149.364
1370 -65.0758 149.637
1371 -64.7499 149.746
1372 -64.3274 149.731
1373 -63.9243 149.662
1374 -63.6463 149.61
1375 -63.5555 149.626
1376 -63.6487 149.714
1377 -63.8619 149.841
1378 -64.0957 149.943
1379 -64.2516 149.955
1380 -64.2628 149.833
1381 -64.1115 149.569
1382 -63.832 149.196
1383 -63.5033 148.781
1384 -63.2293 148.412
1385 -63.1099 148.171
1386 -63.2102 148.112
1387 -63.5374 148.241
1388 -64.036 148.516
1389 -64.6029 148.857
1390 -65.1177 149.171
1391 -65.4746 149.382
1392 -65.61 149.444
1393 -65.5177 149.359
1394 -65.2499 149.171
1395 -64.9012 148.945
1396 -64.5808 148.748
1397 -64.3759 148.626
1398 -64.3221 148.587
1399 -64.3915 148.603
1400 -64.5055 148.624
1401 -64.5619 148.596
1402 -64.468 148.478
1403 -64.1679 148.256
1404 -63.6584 147.945
1405 -62.9908 147.582
1406 -62.2591 147.218
1407 -61.5753 146.905
1408 -61.0379 146.682
1409 -60.7046 146.564
1410 -60.5807 146.539
1411 -60.6219 146.569
1412 -60.752 146.603
1413 -60.8888 146.59
1414 -60.9681 146.493
1415 -60.9614 146.297
1416 -60.8824 146.012
1417 -60.783 145.665
1418 -60.7397 145.303
1419 -60.8317 144.974
1420 -61.1168 144.719
1421 -61.6125 144.566
1422 -62.2893 144.524
1423 -63.076 144.582
1424 -63.876 144.72
1425 -64.5918 144.91
1426 -65.1474 145.13
1427 -65.5052 145.364
1428 -65.6716 145.616
1429 -65.693 145.9
1430 -65.6423 146.247
1431 -65.5959 146.685
1432 -65.6101 147.229
1433 -65.7021 147.866
1434 -65.8437 148.555
1435 -65.9714 149.226
1436 -66.0096 149.799
1437 -65.8973 150.201
1438 -65.6119 150.384
1439 -65.1811 150.335
1440 -64.6835 150.078
1441 -64.2347 149.669
1442 -63.9618 149.178
1443 -63.9713 148.675
1444 -64.3184 148.209
1445 -64.989 147.796
1446 -65.9052 147.421
1447 -66.9494 147.045
1448 -68.0016 146.621
1449 -68.9735 146.118
1450 -69.8268 145.535
1451 -70.5807 144.909
1452 -71.3011 144.318
1453 -72.0769 143.855
1454 -72.984 143.609
1455 -74.0486 143.629
1456 -75.2291 143.908
1457 -76.4253 144.383
1458 -77.5071 144.956
1459 -78.3561 145.525
1460 -78.8962 146.017
1461 -79.1093 146.404
1462 -79.0361 146.703
1463 -78.7616 146.967
1464 -78.393 147.261
1465 -78.0316 147.643
1466 -77.7467 148.14
1467 -77.5593 148.74
1468 -77.4436 149.398
1469 -77.3412 150.043
1470 -77.1849 150.611
1471 -76.9219 151.052
1472 -76.533 151.345
1473 -76.0418 151.503
1474 -75.515 151.56
1475 -75.0483 151.567
1476 -74.7433 151.566
1477 -74.6784 151.582
1478 -74.8858 151.616
1479 -75.3455 151.645
1480 -75.9962 151.638
1481 -76.7591 151.567
1482 -77.5635 151.425
1483 -78.3652 151.224
1484 -79.1543 151.001
1485 -79.9528 150.804
1486 -80.8019 150.684
1487 -81.7429 150.683
1488 -82.8014 150.825
1489 -83.9747 151.117
1490 -85.2251 151.546
1491 -86.4857 152.091
1492 -87.6729 152.723
1493 -88.7061 153.414
1494 -89.5238 154.141
1495 -90.0915 154.882
1496 -90.4066 155.617
1497 -90.4946 156.328
1498 -90.3987 156.995
1499 -90.1671 157.6
1500 -89.8404 158.131
1501 -89.4425 158.578
1502 -88.9778 158.94
1503 -88.4345 159.214
1504 -87.793 159.399
1505 -87.0397 159.489
1506 -86.1775 159.478
1507 -85.2341 159.362
1508 -84.2626 159.146
1509 -83.3365 158.849
1510 -82.5404 158.51
1511 -81.9526 158.183
1512 -81.6286 157.928
1513 -81.5858 157.792
1514 -81.7966 157.798
1515 -82.1932 157.938
1516 -82.6841 158.176
1517 -83.179 158.461
1518 -83.6118 158.752
1519 -83.9535 159.023
1520 -84.2123 159.277
1521 -84.4218 159.538
1522 -84.6206 159.839
1523 -84.8316 160.209
1524 -85.0475 160.661
1525 -85.2295 161.184
1526 -85.3199 161.748
1527 -85.2625 162.311
1528 -85.0237 162.831
1529 -84.6046 163.284
1530 -84.0451 163.664
1531 -83.4183 163.992
1532 -82.8173 164.308
1533 -82.3339 164.661
1534 -82.0375 165.096
1535 -81.9618 165.629
1536 -82.0969 166.247
1537 -82.3932 166.9
1538 -82.7796 167.525
1539 -83.187 168.058
1540 -83.5694 168.463
1541 -83.9192 168.734
1542 -84.2688 168.906
1543 -84.678 169.031
1544 -85.2079 169.165
1545 -85.8887 169.344
1546 -86.6997 169.564
1547 -87.5654 169.786
1548 -88.3797 169.948
1549 -89.0366 169.991
1550 -89.4544 169.872
1551 -89.5966 169.582
1552 -89.4771 169.151
1553 -89.1533 168.637
1554 -88.7073 168.11
1555 -88.2229 167.635
1556 -87.7616 167.254
1557 -87.3477 166.972
1558 -86.9654 166.76
1559 -86.5682 166.572
1560 -86.0975 166.358
1561 -85.5022 166.085
1562 -84.7562 165.743
1563 -83.8729 165.35
1564 -82.9103 164.944
1565 -81.9616 164.577
1566 -81.1352 164.296
1567 -80.5255 164.131
1568 -80.1852 164.092
1569 -80.1104 164.161
1570 -80.2476 164.303
1571 -80.5132 164.476
1572 -80.8213 164.647
1573 -81.1067 164.794
1574 -81.3399 164.915
1575 -81.5341 165.02
1576 -81.7372 165.13
1577 -82.0146 165.268
1578 -82.4268 165.447
1579 -83.0067 165.668
1580 -83.7459 165.913
1581 -84.5933 166.154
1582 -85.467 166.35
1583 -86.275 166.464
1584 -86.937 166.461
1585 -87.4051 166.316
1586 -87.6714 166.016
1587 -87.7679 165.558
1588 -87.7546 164.957
1589 -87.7019 164.245
1590 -87.6724 163.467
1591 -87.7027 162.675
1592 -87.7946 161.917
1593 -87.9139 161.226
1594 -88.0002 160.612
1595 -87.9845 160.06
1596 -87.8096 159.54
1597 -87.446 159.025
1598 -86.9045 158.501
1599 -86.2396 157.985
1600 -85.5415 157.52
1601 -84.9172 157.167
1602 -84.4621 156.984
1603 -84.2294 157.008
1604 -84.2116 157.236
1605 -84.3458 157.626
1606 -84.5392 158.106
1607 -84.7037 158.594
1608 -84.7859 159.022
1609 -84.7816 159.351
1610 -84.7307 159.577
1611 -84.7021 159.731
1612 -84.767 159.866
1613 -84.9743 160.037
1614 -85.3315 160.284
1615 -85.7992 160.617
1616 -86.3003 161.008
1617 -86.7392 161.402
1618 -87.026 161.74
1619 -87.0972 161.971
1620 -86.9274 162.076
1621 -86.5338 162.069
1622 -85.9705 161.992
1623 -85.314 161.9
1624 -84.6432 161.841
1625 -84.0166 161.838
1626 -83.456 161.879
1627 -82.9448 161.92
1628 -82.4413 161.904
1629 -81.9038 161.777
1630 -81.3169 161.517
1631 -80.7068 161.137
1632 -80.1419 160.686
1633 -79.7174 160.235
1634 -79.5268 159.853
1635 -79.6317 159.587
1636 -80.0418 159.448
1637 -80.7124 159.415
1638 -81.5562 159.442
1639 -82.466 159.481
1640 -83.3406 159.495
1641 -84.105 159.473
1642 -84.7221 159.426
1643 -85.1969 159.392
1644 -85.569 159.416
1645 -85.8952 159.539
1646 -86.2267 159.784
1647 -86.5868 160.148
1648 -86.9594 160.602
1649 -87.2926 161.096
1650 -87.516 161.582
1651 -87.5631 162.019
1652 -87.3926 162.389
1653 -87.003 162.696
1654 -86.438 162.967
1655 -85.7797 163.235
1656 -85.1292 163.535
1657 -84.5818 163.89
1658 -84.1982 164.306
1659 -83.9906 164.773
1660 -83.9238 165.27
1661 -83.9293 165.767
1662 -83.9281 166.238
1663 -83.8554 166.662
1664 -83.6798 167.025
1665 -83.4136 167.322
1666 -83.1098 167.555
1667 -82.8477 167.732
1668 -82.7092 167.862
1669 -82.7532 167.955
1670 -82.9936 168.012
1671 -83.3922 168.029
1672 -83.8665 167.991
1673 -84.3105 167.877
1674 -84.6215 167.665
1675 -84.725 167.337
1676 -84.5901 166.889
1677 -84.2355 166.338
1678 -83.7221 165.72
1679 -83.1382 165.089
1680 -82.58 164.515
1681 -82.1242 164.064
1682 -81.8083 163.779
1683 -81.6226 163.678
1684 -81.5179 163.739
1685 -81.4257 163.921
1686 -81.2834 164.168
1687 -81.0579 164.43
1688 -80.7597 164.676
1689 -80.4458 164.904
1690 -80.209 165.136
1691 -80.1538 165.413
1692 -80.3626 165.774
1693 -80.8633 166.237
1694 -81.6148 166.784
1695 -82.5152 167.362
1696 -83.4321 167.894
1697 -84.2399 168.301
1698 -84.8492 168.53
1699 -85.2196 168.565
1700 -85.3618 168.435
1701 -85.3273 168.205
1702 -85.1903 167.961
1703 -85.0286 167.782
1704 -84.9018 167.725
1705 -84.834 167.806
1706 -84.8082 168.003
1707 -84.7731 168.269
1708 -84.6624 168.547
1709 -84.4171 168.791
1710 -84.0072 168.978
1711 -83.4448 169.11
1712 -82.784 169.215
1713 -82.1111 169.333
1714 -81.5205 169.504
1715 -81.0852 169.747
1716 -80.8366 170.06
1717 -80.7572 170.41
1718 -80.7921 170.748
1719 -80.8698 171.026
1720 -80.9252 171.209
1721 -80.9176 171.288
1722 -80.8401 171.282
1723 -80.7205 171.234
1724 -80.6145 171.189
1725 -80.593 171.19
1726 -80.7237 171.254
1727 -81.0538 171.376
1728 -81.5954 171.529
1729 -82.3223 171.674
1730 -83.1761 171.776
1731 -84.0818 171.811
1732 -84.968 171.769
1733 -85.7793 171.653
1734 -86.4871 171.471
1735 -87.095 171.232
1736 -87.6291 170.943
1737 -88.126 170.607
1738 -88.6136 170.228
1739 -89.1003 169.814
1740 -89.5712 169.372
1741 -89.9899 168.91
1742 -90.3097 168.437
1743 -90.487 167.958
1744 -90.4947 167.479
1745 -90.3296 167.005
1746 -90.0133 166.544
1747 -89.5883 166.108
1748 -89.1103 165.713
1749 -88.6387 165.381
1750 -88.2255 165.138
1751 -87.9065 165.002
1752 -87.6952 164.984
1753 -87.581 165.077
1754 -87.5344 165.257
1755 -87.5172 165.486
1756 -87.4945 165.718
1757 -87.4464 165.91
1758 -87.3727 166.035
1759 -87.2915 166.087
1760 -87.2289 166.081
1761 -87.2071 166.049
1762 -87.2309 166.028
1763 -87.2833 166.045
1764 -87.329 166.107
1765 -87.3271 166.198
1766 -87.2454 166.286
1767 -87.0704 166.33
1768 -86.8115 166.295
1769 -86.4978 166.166
1770 -86.1719 165.947
1771 -85.8811 165.661
1772 -85.6697 165.342
1773 -85.5684 165.02
1774 -85.5874 164.711
1775 -85.7146 164.412
1776 -85.9161 164.103
1777 -86.145 163.756
1778 -86.3518 163.337
1779 -86.497 162.824
1780 -86.5594 162.208
1781 -86.5401 161.499
1782 -86.4587 160.726
1783 -86.345 159.927
1784 -86.2265 159.138
1785 -86.1173 158.394
1786 -86.0133 157.714
1787 -85.8933 157.11
1788 -85.7271 156.581
1789 -85.4868 156.129
1790 -85.1568 155.761
1791 -84.7391 155.494
1792 -84.253 155.35
1793 -83.7307 155.351
1794 -83.2083 155.511
1795 -82.7147 155.822
1796 -82.2636 156.261
1797 -81.8497 156.781
1798 -81.4497 157.33
1799 -81.0308 157.853
1800 -80.5609 158.305
1801 -80.0201 158.652
1802 -79.4046 158.877
1803 -78.7332 158.972
1804 -78.0429 158.939
1805 -77.3782 158.788
1806 -76.7818 158.531
1807 -76.2847 158.181
1808 -75.9001 157.753
1809 -75.623 157.262
1810 -75.4313 156.723
1811 -75.2953 156.151
1812 -75.1849 155.556
1813 -75.0775 154.955
1814 -74.9619 154.362
1815 -74.8387 153.799
1816 -74.716 153.285
1817 -74.6052 152.843
1818 -74.5137 152.488
1819 -74.4386 152.224
1820 -74.3644 152.041
1821 -74.262 151.917
1822 -74.0916 151.817
1823 -73.8116 151.702
1824 -73.3874 151.54
1825 -72.8005 151.308
1826 -72.0557 151.002
1827 -71.1836 150.632
1828 -70.2394 150.227
1829 -69.2948 149.823
1830 -68.4217 149.459
1831 -67.6772 149.164
1832 -67.0927 148.953
1833 -66.6662 148.814
1834 -66.3676 148.721
1835 -66.1556 148.632
1836 -65.9914 148.511
1837 -65.8525 148.338
1838 -65.7382 148.117
1839 -65.6686 147.878
1840 -65.6745 147.661
1841 -65.7836 147.509
1842 -66.0042 147.442
1843 -66.3168 147.45
1844 -66.6762 147.494
1845 -67.0233 147.515
1846 -67.3032 147.456
1847 -67.483 147.277
1848 -67.5619 146.973
1849 -67.568 146.567
1850 -67.5485 146.108
1851 -67.5522 145.651
1852 -67.6124 145.241
1853 -67.7365 144.901
1854 -67.9064 144.627
1855 -68.0846 144.397
1856 -68.2273 144.182
1857 -68.2963 143.955
1858 -68.2665 143.701
1859 -68.1301 143.425
1860 -67.896 143.145
1861 -67.5863 142.889
1862 -67.2299 142.683
1863 -66.8535 142.544
1864 -66.4746 142.469
1865 -66.0991 142.443
1866 -65.7232 142.438
1867 -65.3438 142.434
1868 -64.9689 142.42
1869 -64.6276 142.41
1870 -64.37 142.434
1871 -64.2593 142.534
1872 -64.3537 142.746
1873 -64.6888 143.087
1874 -65.265 143.549
1875 -66.0479 144.099
1876 -66.9781 144.689
1877 -67.9905 145.274
1878 -69.0231 145.817
1879 -70.028 146.3
1880 -70.9775 146.724
1881 -71.8605 147.1
1882 -72.6753 147.444
1883 -73.4226 147.763
1884 -74.0974 148.05
1885 -74.685 148.282
1886 -75.1594 148.425
1887 -75.4867 148.445
1888 -75.6319 148.312
1889 -75.5683 148.011
1890 -75.2891 147.551
1891 -74.8144 146.959
1892 -74.1925 146.279
1893 -73.4965 145.568
1894 -72.8108 144.886
1895 -72.2093 144.281
1896 -71.7397 143.788
1897 -71.4132 143.421
1898 -71.2057 143.178
1899 -71.0691 143.04
1900 -70.9506 142.985
1901 -70.808 142.991
1902 -70.6239 143.042
1903 -70.4089 143.133
1904 -70.2 143.268
1905 -70.0486 143.459
1906 -70.0057 143.715
1907 -70.1042 144.035
1908 -70.3465 144.405
1909 -70.7011 144.794
1910 -71.1104 145.159
1911 -71.5071 145.452
1912 -71.8342 145.632
1913 -72.0607 145.67
1914 -72.1898 145.558
1915 -72.2605 145.307
1916 -72.3355 144.95
1917 -72.4829 144.528
1918 -72.755 144.089
1919 -73.1719 143.67
1920 -73.7141 143.289
1921 -74.3274 142.94
1922 -74.9369 142.598
1923 -75.468 142.226
1924 -75.8654 141.796
1925 -76.105 141.295
1926 -76.2016 140.74
1927 -76.2043 140.178
1928 -76.1838 139.669
1929 -76.2122 139.278
1930 -76.34 139.048
1931 -76.579 138.989
1932 -76.9005 139.076
1933 -77.2455 139.256
1934 -77.5488 139.468
1935 -77.7617 139.656
1936 -77.8688 139.789
1937 -77.8929 139.861
1938 -77.8895 139.891
1939 -77.9307 139.917
1940 -78.0848 139.981
1941 -78.3951 140.113
1942 -78.8654 140.319
1943 -79.4579 140.578
1944 -80.1019 140.84
1945 -80.7109 141.042
1946 -81.2044 141.121
1947 -81.5273 141.035
1948 -81.6623 140.775
1949 -81.6332 140.367
1950 -81.4971 139.866
1951 -81.3278 139.339
1952 -81.1918 138.845
1953 -81.1276 138.415
1954 -81.1354 138.049
1955 -81.1823 137.715
1956 -81.2194 137.372
1957 -81.2055 136.987
1958 -81.1242 136.549
1959 -80.9929 136.078
1960 -80.8614 135.619
1961 -80.8008 135.231
1962 -80.8847 134.975
1963 -81.1692 134.891
1964 -81.6759 134.997
1965 -82.3838 135.279
1966 -83.2319 135.701
1967 -84.1314 136.21
1968 -84.9894 136.753
1969 -85.7285 137.289
1970 -86.2961 137.791
1971 -86.6724 138.249
1972 -86.8676 138.667
1973 -86.9119 139.055
1974 -86.842 139.417
1975 -86.6882 139.751
1976 -86.4653 140.041
1977 -86.1713 140.267
1978 -85.7925 140.406
1979 -85.3132 140.44
1980 -84.7251 140.364
1981 -84.0358 140.184
1982 -83.2727 139.917
1983 -82.4827 139.593
1984 -81.7252 139.243
1985 -81.0578 138.898
1986 -80.5227 138.581
1987 -80.1357 138.3
1988 -79.8827 138.05
1989 -79.7243 137.811
1990 -79.6066 137.556
1991 -79.4761 137.254
1992 -79.2949 136.883
1993 -79.048 136.432
1994 -78.7439 135.902
1995 -78.4086 135.312
1996 -78.0737 134.684
1997 -77.7638 134.045
1998 -77.4868 133.413
1999 -77.2294 132.797
2000 -76.9608 132.194
2001 -76.6424 131.592
