     1	-98.1174
     2	-98.2683
     3	-98.4201
     4	-98.5535
     5	-98.6558
     6	-98.7267
     7	-98.7762
     8	-98.8167
     9	-98.854
    10	-98.8826
    11	-98.8872
    12	-98.8478
    13	-98.7489
    14	-98.5856
    15	-98.366
    16	-98.1073
    17	-97.8302
    18	-97.5503
    19	-97.2734
    20	-96.996
    21	-96.7067
    22	-96.3921
    23	-96.0393
    24	-95.6407
    25	-95.1962
    26	-94.7132
    27	-94.2045
    28	-93.6829
    29	-93.1591
    30	-92.6421
    31	-92.1377
    32	-91.6486
    33	-91.174
    34	-90.7108
    35	-90.2603
    36	-89.8338
    37	-89.4561
    38	-89.1621
    39	-88.988
    40	-88.9584
    41	-89.075
    42	-89.3145
    43	-89.635
    44	-89.9888
    45	-90.3341
    46	-90.6429
    47	-90.9028
    48	-91.1121
    49	-91.2725
    50	-91.3829
    51	-91.4365
    52	-91.4203
    53	-91.3199
    54	-91.1238
    55	-90.8255
    56	-90.4247
    57	-89.927
    58	-89.3445
    59	-88.6978
    60	-88.0143
    61	-87.3267
    62	-86.667
    63	-86.0635
    64	-85.5382
    65	-85.1026
    66	-84.7617
    67	-84.5165
    68	-84.3658
    69	-84.3086
    70	-84.3443
    71	-84.4712
    72	-84.685
    73	-84.9782
    74	-85.3419
    75	-85.7693
    76	-86.2566
    77	-86.8023
    78	-87.3991
    79	-88.0263
    80	-88.6517
    81	-89.2355
    82	-89.7413
    83	-90.1481
    84	-90.4565
    85	-90.6879
    86	-90.8763
    87	-91.0552
    88	-91.2478
    89	-91.4602
    90	-91.6835
    91	-91.8998
    92	-92.0898
    93	-92.2368
    94	-92.3286
    95	-92.3566
    96	-92.3178
    97	-92.2136
    98	-92.0494
    99	-91.8327
   100	-91.5676
   101	-91.2492
   102	-90.8604
   103	-90.3746
   104	-89.7625
   105	-89.0015
   106	-88.0838
   107	-87.0195
   108	-85.8371
   109	-84.5789
   110	-83.2903
   111	-82.0118
   112	-80.7691
   113	-79.5758
   114	-78.4353
   115	-77.3423
   116	-76.2944
   117	-75.3007
   118	-74.3816
   119	-73.5658
   120	-72.8848
   121	-72.3621
   122	-72.0039
   123	-71.7985
   124	-71.7212
   125	-71.7404
   126	-71.8261
   127	-71.953
   128	-72.1017
   129	-72.2568
   130	-72.4045
   131	-72.531
   132	-72.623
   133	-72.6669
   134	-72.6512
   135	-72.5661
   136	-72.4037
   137	-72.1567
   138	-71.8189
   139	-71.3863
   140	-70.86
   141	-70.2479
   142	-69.5643
   143	-68.8265
   144	-68.0515
   145	-67.254
   146	-66.4448
   147	-65.634
   148	-64.831
   149	-64.0448
   150	-63.2859
   151	-62.5618
   152	-61.8746
   153	-61.2221
   154	-60.6027
   155	-60.0199
   156	-59.4876
   157	-59.0277
   158	-58.6618
   159	-58.4002
   160	-58.2353
   161	-58.1421
   162	-58.0872
   163	-58.0421
   164	-57.9926
   165	-57.9431
   166	-57.9077
   167	-57.9017
   168	-57.93
   169	-57.9857
   170	-58.051
   171	-58.1058
   172	-58.1329
   173	-58.1219
   174	-58.0707
   175	-57.9872
   176	-57.889
   177	-57.8029
   178	-57.7582
   179	-57.7768
   180	-57.8626
   181	-57.9969
   182	-58.141
   183	-58.2518
   184	-58.2976
   185	-58.2726
   186	-58.2013
   187	-58.1325
   188	-58.1253
   189	-58.231
   190	-58.4797
   191	-58.8703
   192	-59.3759
   193	-59.9473
   194	-60.5271
   195	-61.0631
   196	-61.5168
   197	-61.8652
   198	-62.1021
   199	-62.2338
   200	-62.2713
   201	-62.2234
   202	-62.0892
   203	-61.8565
   204	-61.5052
   205	-61.0151
   206	-60.374
   207	-59.5837
   208	-58.6641
   209	-57.6505
   210	-56.586
   211	-55.5144
   212	-54.4731
   213	-53.4914
   214	-52.5925
   215	-51.795
   216	-51.1144
   217	-50.5565
   218	-50.1177
   219	-49.7843
   220	-49.5349
   221	-49.3481
   222	-49.2099
   223	-49.1191
   224	-49.0841
   225	-49.1168
   226	-49.2225
   227	-49.3929
   228	-49.6039
   229	-49.8187
   230	-49.9984
   231	-50.111
   232	-50.139
   233	-50.0823
   234	-49.9577
   235	-49.7952
   236	-49.6336
   237	-49.5142
   238	-49.4696
   239	-49.5153
   240	-49.6426
   241	-49.8214
   242	-50.0115
   243	-50.1796
   244	-50.3155
   245	-50.4414
   246	-50.6068
   247	-50.8753
   248	-51.3013
   249	-51.9116
   250	-52.6948
   251	-53.6071
   252	-54.5854
   253	-55.5715
   254	-56.5238
   255	-57.4209
   256	-58.2592
   257	-59.0451
   258	-59.7838
   259	-60.4725
   260	-61.0966
   261	-61.6287
   262	-62.0306
   263	-62.2625
   264	-62.2896
   265	-62.0904
   266	-61.6646
   267	-61.0383
   268	-60.2621
   269	-59.4036
   270	-58.534
   271	-57.7129
   272	-56.976
   273	-56.334
   274	-55.7812
   275	-55.3115
   276	-54.9298
   277	-54.6568
   278	-54.5197
   279	-54.5407
   280	-54.7249
   281	-55.0542
   282	-55.4907
   283	-55.9863
   284	-56.4947
   285	-56.9812
   286	-57.4269
   287	-57.8268
   288	-58.1863
   289	-58.5161
   290	-58.8262
   291	-59.1239
   292	-59.4129
   293	-59.692
   294	-59.9554
   295	-60.1937
   296	-60.3942
   297	-60.5438
   298	-60.632
   299	-60.654
   300	-60.6136
   301	-60.52
   302	-60.3839
   303	-60.2132
   304	-60.0077
   305	-59.7604
   306	-59.4574
   307	-59.0829
   308	-58.6229
   309	-58.0696
   310	-57.4243
   311	-56.7013
   312	-55.9297
   313	-55.1555
   314	-54.4388
   315	-53.8478
   316	-53.4432
   317	-53.2614
   318	-53.3017
   319	-53.5225
   320	-53.8547
   321	-54.221
   322	-54.5579
   323	-54.8313
   324	-55.0386
   325	-55.2015
   326	-55.3499
   327	-55.5045
   328	-55.6658
   329	-55.8109
   330	-55.9013
   331	-55.8974
   332	-55.7746
   333	-55.5347
   334	-55.2114
   335	-54.8691
   336	-54.5941
   337	-54.4757
   338	-54.5859
   339	-54.9601
   340	-55.5886
   341	-56.4223
   342	-57.3908
   343	-58.4238
   344	-59.4702
   345	-60.5131
   346	-61.5664
   347	-62.6632
   348	-63.8372
   349	-65.1017
   350	-66.4363
   351	-67.7866
   352	-69.0803
   353	-70.2407
   354	-71.2046
   355	-71.9379
   356	-72.4385
   357	-72.7337
   358	-72.8738
   359	-72.9204
   360	-72.9333
   361	-72.9589
   362	-73.0223
   363	-73.1266
   364	-73.2585
   365	-73.3968
   366	-73.5232
   367	-73.631
   368	-73.7309
   369	-73.8503
   370	-74.0275
   371	-74.2993
   372	-74.688
   373	-75.192
   374	-75.7833
   375	-76.4133
   376	-77.0221
   377	-77.55
   378	-77.9482
   379	-78.1894
   380	-78.2734
   381	-78.2281
   382	-78.1032
   383	-77.9584
   384	-77.8475
   385	-77.8028
   386	-77.8243
   387	-77.8799
   388	-77.9163
   389	-77.8776
   390	-77.7261
   391	-77.4545
   392	-77.0887
   393	-76.6788
   394	-76.2867
   395	-75.9745
   396	-75.7923
   397	-75.7665
   398	-75.892
   399	-76.1321
   400	-76.4273
   401	-76.7116
   402	-76.9306
   403	-77.0566
   404	-77.095
   405	-77.0798
   406	-77.0583
   407	-77.0713
   408	-77.134
   409	-77.2279
   410	-77.3073
   411	-77.3151
   412	-77.2014
   413	-76.9366
   414	-76.5158
   415	-75.9548
   416	-75.2827
   417	-74.533
   418	-73.739
   419	-72.929
   420	-72.1196
   421	-71.3116
   422	-70.4892
   423	-69.6218
   424	-68.6731
   425	-67.6178
   426	-66.4532
   427	-65.2043
   428	-63.9246
   429	-62.6837
   430	-61.5481
   431	-60.5646
   432	-59.7525
   433	-59.1097
   434	-58.6273
   435	-58.3061
   436	-58.165
   437	-58.2379
   438	-58.5615
   439	-59.1599
   440	-60.0322
   441	-61.1496
   442	-62.457
   443	-63.8875
   444	-65.3709
   445	-66.8354
   446	-68.2173
   447	-69.4661
   448	-70.5492
   449	-71.4541
   450	-72.1836
   451	-72.7463
   452	-73.1451
   453	-73.3709
   454	-73.4026
   455	-73.2137
   456	-72.7818
   457	-72.0984
   458	-71.1753
   459	-70.0469
   460	-68.77
   461	-67.4174
   462	-66.0677
   463	-64.7918
   464	-63.6408
   465	-62.6387
   466	-61.7816
   467	-61.0435
   468	-60.3847
   469	-59.7652
   470	-59.1575
   471	-58.5527
   472	-57.9598
   473	-57.4002
   474	-56.9021
   475	-56.4907
   476	-56.1762
   477	-55.9443
   478	-55.7512
   479	-55.5288
   480	-55.1997
   481	-54.6997
   482	-53.9996
   483	-53.1202
   484	-52.1344
   485	-51.151
   486	-50.2873
   487	-49.6372
   488	-49.2454
   489	-49.0993
   490	-49.1424
   491	-49.2986
   492	-49.4974
   493	-49.6955
   494	-49.8835
   495	-50.0817
   496	-50.3271
   497	-50.6576
   498	-51.0919
   499	-51.6162
   500	-52.1823
   501	-52.7137
   502	-53.1236
   503	-53.3338
   504	-53.2908
   505	-52.9757
   506	-52.4081
   507	-51.6407
   508	-50.7454
   509	-49.7941
   510	-48.8394
   511	-47.9017
   512	-46.9696
   513	-46.0157
   514	-45.0179
   515	-43.9733
   516	-42.9091
   517	-41.8795
   518	-40.9529
   519	-40.1917
   520	-39.6354
   521	-39.2937
   522	-39.1482
   523	-39.1649
   524	-39.3049
   525	-39.5355
   526	-39.8361
   527	-40.1976
   528	-40.6206
   529	-41.1097
   530	-41.6708
   531	-42.3093
   532	-43.0282
   533	-43.8264
   534	-44.6952
   535	-45.6169
   536	-46.5643
   537	-47.5053
   538	-48.4121
   539	-49.2678
   540	-50.0714
   541	-50.833
   542	-51.5674
   543	-52.2869
   544	-52.9953
   545	-53.6861
   546	-54.3445
   547	-54.9495
   548	-55.4763
   549	-55.8996
   550	-56.1967
   551	-56.353
   552	-56.3685
   553	-56.263
   554	-56.0769
   555	-55.8664
   556	-55.6912
   557	-55.598
   558	-55.6091
   559	-55.7159
   560	-55.8901
   561	-56.0998
   562	-56.3281
   563	-56.584
   564	-56.9014
   565	-57.326
   566	-57.895
   567	-58.6166
   568	-59.4598
   569	-60.362
   570	-61.2472
   571	-62.0488
   572	-62.7218
   573	-63.2515
   574	-63.6484
   575	-63.9368
   576	-64.146
   577	-64.303
   578	-64.4241
   579	-64.5113
   580	-64.5507
   581	-64.5168
   582	-64.3789
   583	-64.1116
   584	-63.7068
   585	-63.1803
   586	-62.5752
   587	-61.9529
   588	-61.3804
   589	-60.9084
   590	-60.5564
   591	-60.307
   592	-60.116
   593	-59.9301
   594	-59.7089
   595	-59.4389
   596	-59.1394
   597	-58.8553
   598	-58.6434
   599	-58.5549
   600	-58.6197
   601	-58.8413
   602	-59.1997
   603	-59.6609
   604	-60.1887
   605	-60.7511
   606	-61.3272
   607	-61.9091
   608	-62.5034
   609	-63.1281
   610	-63.805
   611	-64.5522
   612	-65.3749
   613	-66.2603
   614	-67.1767
   615	-68.0766
   616	-68.9056
   617	-69.6097
   618	-70.1495
   619	-70.5081
   620	-70.6886
   621	-70.7152
   622	-70.6273
   623	-70.4686
   624	-70.2778
   625	-70.0784
   626	-69.875
   627	-69.6562
   628	-69.4025
   629	-69.0976
   630	-68.7377
   631	-68.3375
   632	-67.9293
   633	-67.5618
   634	-67.2927
   635	-67.1797
   636	-67.2681
   637	-67.5792
   638	-68.1009
   639	-68.7913
   640	-69.5924
   641	-70.4507
   642	-71.3356
   643	-72.2539
   644	-73.2486
   645	-74.3823
   646	-75.7134
   647	-77.2659
   648	-79.0162
   649	-80.8938
   650	-82.7974
   651	-84.6249
   652	-86.3013
   653	-87.7834
   654	-89.0616
   655	-90.1575
   656	-91.1078
   657	-91.9516
   658	-92.7165
   659	-93.4111
   660	-94.0254
   661	-94.5349
   662	-94.9115
   663	-95.1334
   664	-95.1926
   665	-95.1001
   666	-94.8853
   667	-94.5916
   668	-94.268
   669	-93.9577
   670	-93.6894
   671	-93.4719
   672	-93.2982
   673	-93.1521
   674	-93.0205
   675	-92.9033
   676	-92.8175
   677	-92.7951
   678	-92.8751
   679	-93.0933
   680	-93.4727
   681	-94.0193
   682	-94.7225
   683	-95.5576
   684	-96.4898
   685	-97.4794
   686	-98.4853
   687	-99.4703
   688	-100.405
   689	-101.273
   690	-102.071
   691	-102.806
   692	-103.487
   693	-104.113
   694	-104.676
   695	-105.153
   696	-105.518
   697	-105.748
   698	-105.832
   699	-105.779
   700	-105.617
   701	-105.385
   702	-105.126
   703	-104.88
   704	-104.672
   705	-104.515
   706	-104.411
   707	-104.35
   708	-104.317
   709	-104.297
   710	-104.275
   711	-104.244
   712	-104.207
   713	-104.184
   714	-104.205
   715	-104.305
   716	-104.512
   717	-104.827
   718	-105.223
   719	-105.648
   720	-106.043
   721	-106.357
   722	-106.565
   723	-106.664
   724	-106.671
   725	-106.61
   726	-106.498
   727	-106.35
   728	-106.169
   729	-105.957
   730	-105.707
   731	-105.409
   732	-105.049
   733	-104.617
   734	-104.11
   735	-103.536
   736	-102.913
   737	-102.263
   738	-101.608
   739	-100.964
   740	-100.331
   741	-99.6974
   742	-99.0441
   743	-98.353
   744	-97.6167
   745	-96.8415
   746	-96.0521
   747	-95.2924
   748	-94.6132
   749	-94.0606
   750	-93.6652
   751	-93.4309
   752	-93.3352
   753	-93.3368
   754	-93.3894
   755	-93.4561
   756	-93.5164
   757	-93.5668
   758	-93.6142
   759	-93.6668
   760	-93.7269
   761	-93.7874
   762	-93.8328
   763	-93.842
   764	-93.7915
   765	-93.6609
   766	-93.4376
   767	-93.1203
   768	-92.7238
   769	-92.2769
   770	-91.8171
   771	-91.3831
   772	-91.0076
   773	-90.7098
   774	-90.491
   775	-90.3334
   776	-90.2039
   777	-90.0597
   778	-89.8571
   779	-89.5597
   780	-89.1454
   781	-88.61
   782	-87.9653
   783	-87.2369
   784	-86.4547
   785	-85.6408
   786	-84.802
   787	-83.928
   788	-82.9993
   789	-81.998
   790	-80.9174
   791	-79.7707
   792	-78.5932
   793	-77.4393
   794	-76.3738
   795	-75.4585
   796	-74.7383
   797	-74.2286
   798	-73.9143
   799	-73.7555
   800	-73.7002
   801	-73.7024
   802	-73.7371
   803	-73.808
   804	-73.946
   805	-74.1961
   806	-74.597
   807	-75.1588
   808	-75.8473
   809	-76.586
   810	-77.2772
   811	-77.8257
   812	-78.1631
   813	-78.2611
   814	-78.1358
   815	-77.8394
   816	-77.4435
   817	-77.0175
   818	-76.6079
   819	-76.2281
   820	-75.8599
   821	-75.4655
   822	-75.0048
   823	-74.4486
   824	-73.7887
   825	-73.0428
   826	-72.2519
   827	-71.4704
   828	-70.7504
   829	-70.1235
   830	-69.5922
   831	-69.1269
   832	-68.6776
   833	-68.1891
   834	-67.6172
   835	-66.9415
   836	-66.1688
   837	-65.3314
   838	-64.4776
   839	-63.6601
   840	-62.9248
   841	-62.3034
   842	-61.8102
   843	-61.4435
   844	-61.1895
   845	-61.0245
   846	-60.9237
   847	-60.8674
   848	-60.8466
   849	-60.8645
   850	-60.932
   851	-61.06
   852	-61.25
   853	-61.4868
   854	-61.7368
   855	-61.9522
   856	-62.0798
   857	-62.0717
   858	-61.8931
   859	-61.5286
   860	-60.982
   861	-60.2733
   862	-59.4363
   863	-58.5145
   864	-57.5549
   865	-56.5996
   866	-55.6784
   867	-54.8016
   868	-53.9643
   869	-53.1536
   870	-52.3619
   871	-51.598
   872	-50.8924
   873	-50.294
   874	-49.8567
   875	-49.6214
   876	-49.5993
   877	-49.7623
   878	-50.0468
   879	-50.3681
   880	-50.6414
   881	-50.7997
   882	-50.8068
   883	-50.6588
   884	-50.3755
   885	-49.988
   886	-49.5227
   887	-48.9904
   888	-48.3822
   889	-47.6751
   890	-46.847
   891	-45.8921
   892	-44.8315
   893	-43.7221
   894	-42.6522
   895	-41.7215
   896	-41.0235
   897	-40.6214
   898	-40.5367
   899	-40.7476
   900	-41.1973
   901	-41.8147
   902	-42.5332
   903	-43.3069
   904	-44.1146
   905	-44.9548
   906	-45.8337
   907	-46.7523
   908	-47.6951
   909	-48.6274
   910	-49.4967
   911	-50.245
   912	-50.8241
   913	-51.2066
   914	-51.3937
   915	-51.4173
   916	-51.3339
   917	-51.2133
   918	-51.1242
   919	-51.1199
   920	-51.227
   921	-51.4428
   922	-51.7372
   923	-52.0653
   924	-52.3809
   925	-52.6502
   926	-52.8629
   927	-53.0352
   928	-53.2012
   929	-53.3959
   930	-53.6389
   931	-53.9252
   932	-54.2272
   933	-54.5031
   934	-54.7094
   935	-54.8133
   936	-54.7988
   937	-54.6703
   938	-54.4503
   939	-54.1772
   940	-53.898
   941	-53.662
   942	-53.5106
   943	-53.469
   944	-53.5374
   945	-53.6904
   946	-53.8819
   947	-54.0572
   948	-54.1693
   949	-54.1939
   950	-54.1377
   951	-54.0387
   952	-53.9556
   953	-53.9513
   954	-54.0728
   955	-54.3366
   956	-54.7217
   957	-55.1796
   958	-55.6507
   959	-56.0855
   960	-56.4583
   961	-56.7741
   962	-57.0621
   963	-57.3664
   964	-57.7296
   965	-58.1766
   966	-58.703
   967	-59.2723
   968	-59.8261
   969	-60.299
   970	-60.6357
   971	-60.8052
   972	-60.8085
   973	-60.68
   974	-60.4803
   975	-60.2811
   976	-60.1455
   977	-60.1071
   978	-60.1585
   979	-60.2529
   980	-60.3201
   981	-60.2889
   982	-60.11
   983	-59.7696
   984	-59.2945
   985	-58.7453
   986	-58.2
   987	-57.7326
   988	-57.3922
   989	-57.1903
   990	-57.1038
   991	-57.0891
   992	-57.1004
   993	-57.1082
   994	-57.1094
   995	-57.1293
   996	-57.2162
   997	-57.4314
   998	-57.8319
   999	-58.4535
  1000	-59.2994
  1001	-60.3349
  1002	-61.4932
  1003	-62.6868
  1004	-63.825
  1005	-64.8344
  1006	-65.6733
  1007	-66.3348
  1008	-66.8451
  1009	-67.2466
  1010	-67.5783
  1011	-67.859
  1012	-68.0786
  1013	-68.204
  1014	-68.1925
  1015	-68.0105
  1016	-67.6472
  1017	-67.1214
  1018	-66.4813
  1019	-65.796
  1020	-65.1454
  1021	-64.6049
  1022	-64.2332
  1023	-64.0599
  1024	-64.0814
  1025	-64.2628
  1026	-64.5461
  1027	-64.8637
  1028	-65.1564
  1029	-65.3891
  1030	-65.5573
  1031	-65.6863
  1032	-65.8194
  1033	-65.9989
  1034	-66.2459
  1035	-66.5454
  1036	-66.8461
  1037	-67.0756
  1038	-67.1655
  1039	-67.0767
  1040	-66.8146
  1041	-66.4287
  1042	-65.9999
  1043	-65.6195
  1044	-65.366
  1045	-65.2858
  1046	-65.3831
  1047	-65.6205
  1048	-65.9301
  1049	-66.2319
  1050	-66.4557
  1051	-66.5578
  1052	-66.5322
  1053	-66.4113
  1054	-66.255
  1055	-66.1311
  1056	-66.0909
  1057	-66.1494
  1058	-66.2806
  1059	-66.4256
  1060	-66.5156
  1061	-66.4954
  1062	-66.343
  1063	-66.0783
  1064	-65.762
  1065	-65.4826
  1066	-65.3346
  1067	-65.3912
  1068	-65.6804
  1069	-66.1735
  1070	-66.7918
  1071	-67.4261
  1072	-67.9659
  1073	-68.3278
  1074	-68.4721
  1075	-68.4074
  1076	-68.1841
  1077	-67.8741
  1078	-67.5457
  1079	-67.2386
  1080	-66.9515
  1081	-66.6427
  1082	-66.2482
  1083	-65.7055
  1084	-64.9772
  1085	-64.0672
  1086	-63.0284
  1087	-61.9579
  1088	-60.9805
  1089	-60.2192
  1090	-59.7657
  1091	-59.6547
  1092	-59.8562
  1093	-60.2866
  1094	-60.8352
  1095	-61.3963
  1096	-61.8951
  1097	-62.3027
  1098	-62.6355
  1099	-62.9429
  1100	-63.2885
  1101	-63.7264
  1102	-64.2836
  1103	-64.9502
  1104	-65.6818
  1105	-66.4131
  1106	-67.0757
  1107	-67.6152
  1108	-68.0036
  1109	-68.2458
  1110	-68.3789
  1111	-68.4606
  1112	-68.5505
  1113	-68.6874
  1114	-68.8711
  1115	-69.0557
  1116	-69.1604
  1117	-69.092
  1118	-68.7725
  1119	-68.1612
  1120	-67.2683
  1121	-66.1553
  1122	-64.9224
  1123	-63.6896
  1124	-62.5655
  1125	-61.6232
  1126	-60.8853
  1127	-60.3244
  1128	-59.8819
  1129	-59.4928
  1130	-59.1101
  1131	-58.7252
  1132	-58.3765
  1133	-58.1419
  1134	-58.1175
  1135	-58.3864
  1136	-58.9816
  1137	-59.8655
  1138	-60.9332
  1139	-62.0425
  1140	-63.0565
  1141	-63.8797
  1142	-64.4773
  1143	-64.8777
  1144	-65.1608
  1145	-65.4327
  1146	-65.7952
  1147	-66.3142
  1148	-67.0019
  1149	-67.8144
  1150	-68.6681
  1151	-69.465
  1152	-70.1173
  1153	-70.5687
  1154	-70.8064
  1155	-70.8608
  1156	-70.7987
  1157	-70.7016
  1158	-70.639
  1159	-70.6427
  1160	-70.6935
  1161	-70.7282
  1162	-70.6617
  1163	-70.4145
  1164	-69.9385
  1165	-69.2344
  1166	-68.3554
  1167	-67.4018
  1168	-66.4922
  1169	-65.7358
  1170	-65.2107
  1171	-64.9442
  1172	-64.9127
  1173	-65.0531
  1174	-65.2842
  1175	-65.5283
  1176	-65.7303
  1177	-65.8666
  1178	-65.9475
  1179	-66.0097
  1180	-66.1018
  1181	-66.268
  1182	-66.5323
  1183	-66.8879
  1184	-67.2977
  1185	-67.7041
  1186	-68.0476
  1187	-68.2861
  1188	-68.414
  1189	-68.4684
  1190	-68.5209
  1191	-68.659
  1192	-68.9609
  1193	-69.4696
  1194	-70.1779
  1195	-71.0275
  1196	-71.9252
  1197	-72.7677
  1198	-73.4661
  1199	-73.9633
  1200	-74.2423
  1201	-74.3186
  1202	-74.2302
  1203	-74.0191
  1204	-73.7185
  1205	-73.34
  1206	-72.8704
  1207	-72.277
  1208	-71.5193
  1209	-70.5657
  1210	-69.4107
  1211	-68.0855
  1212	-66.6601
  1213	-65.2404
  1214	-63.9493
  1215	-62.8974
  1216	-62.1548
  1217	-61.7298
  1218	-61.5682
  1219	-61.5703
  1220	-61.6233
  1221	-61.6358
  1222	-61.5641
  1223	-61.4198
  1224	-61.261
  1225	-61.1666
  1226	-61.2048
  1227	-61.4057
  1228	-61.7508
  1229	-62.1795
  1230	-62.6124
  1231	-62.9762
  1232	-63.2247
  1233	-63.3499
  1234	-63.3832
  1235	-63.3874
  1236	-63.4405
  1237	-63.6127
  1238	-63.9425
  1239	-64.4206
  1240	-64.9856
  1241	-65.5379
  1242	-65.9635
  1243	-66.1618
  1244	-66.073
  1245	-65.6988
  1246	-65.1037
  1247	-64.3976
  1248	-63.7054
  1249	-63.1297
  1250	-62.7242
  1251	-62.4865
  1252	-62.3718
  1253	-62.3168
  1254	-62.2665
  1255	-62.1907
  1256	-62.0925
  1257	-62.0052
  1258	-61.9807
  1259	-62.0725
  1260	-62.3187
  1261	-62.7269
  1262	-63.2667
  1263	-63.8714
  1264	-64.4509
  1265	-64.9109
  1266	-65.1746
  1267	-65.2016
  1268	-64.9996
  1269	-64.6248
  1270	-64.1723
  1271	-63.7528
  1272	-63.4615
  1273	-63.3526
  1274	-63.4225
  1275	-63.6131
  1276	-63.8346
  1277	-63.9964
  1278	-64.0355
  1279	-63.934
  1280	-63.7212
  1281	-63.4626
  1282	-63.2385
  1283	-63.1161
  1284	-63.1256
  1285	-63.2464
  1286	-63.4123
  1287	-63.5335
  1288	-63.5241
  1289	-63.3313
  1290	-62.9524
  1291	-62.4419
  1292	-61.9051
  1293	-61.4768
  1294	-61.2887
  1295	-61.4318
  1296	-61.928
  1297	-62.7233
  1298	-63.7073
  1299	-64.7464
  1300	-65.7177
  1301	-66.5362
  1302	-67.1686
  1303	-67.6324
  1304	-67.9823
  1305	-68.2867
  1306	-68.5985
  1307	-68.9299
  1308	-69.2434
  1309	-69.4632
  1310	-69.4995
  1311	-69.2794
  1312	-68.7704
  1313	-67.9946
  1314	-67.0288
  1315	-65.9924
  1316	-65.0219
  1317	-64.2381
  1318	-63.7153
  1319	-63.4661
  1320	-63.4446
  1321	-63.566
  1322	-63.7338
  1323	-63.8647
  1324	-63.9091
  1325	-63.8602
  1326	-63.7505
  1327	-63.6391
  1328	-63.5897
  1329	-63.6475
  1330	-63.8229
  1331	-64.0862
  1332	-64.3773
  1333	-64.6235
  1334	-64.7621
  1335	-64.7635
  1336	-64.6418
  1337	-64.4557
  1338	-64.2939
  1339	-64.2501
  1340	-64.394
  1341	-64.7493
  1342	-65.2853
  1343	-65.9242
  1344	-66.5628
  1345	-67.0984
  1346	-67.4555
  1347	-67.602
  1348	-67.5517
  1349	-67.3553
  1350	-67.085
  1351	-66.8152
  1352	-66.602
  1353	-66.4697
  1354	-66.4039
  1355	-66.3567
  1356	-66.2641
  1357	-66.0678
  1358	-65.7375
  1359	-65.2847
  1360	-64.7653
  1361	-64.2684
  1362	-63.8947
  1363	-63.7252
  1364	-63.7921
  1365	-64.0661
  1366	-64.4605
  1367	-64.8555
  1368	-65.1343
  1369	-65.2161
  1370	-65.0758
  1371	-64.7499
  1372	-64.3274
  1373	-63.9243
  1374	-63.6463
  1375	-63.5555
  1376	-63.6487
  1377	-63.8619
  1378	-64.0957
  1379	-64.2516
  1380	-64.2628
  1381	-64.1115
  1382	-63.832
  1383	-63.5033
  1384	-63.2293
  1385	-63.1099
  1386	-63.2102
  1387	-63.5374
  1388	-64.036
  1389	-64.6029
  1390	-65.1177
  1391	-65.4746
  1392	-65.61
  1393	-65.5177
  1394	-65.2499
  1395	-64.9012
  1396	-64.5808
  1397	-64.3759
  1398	-64.3221
  1399	-64.3915
  1400	-64.5055
  1401	-64.5619
  1402	-64.468
  1403	-64.1679
  1404	-63.6584
  1405	-62.9908
  1406	-62.2591
  1407	-61.5753
  1408	-61.0379
  1409	-60.7046
  1410	-60.5807
  1411	-60.6219
  1412	-60.752
  1413	-60.8888
  1414	-60.9681
  1415	-60.9614
  1416	-60.8824
  1417	-60.783
  1418	-60.7397
  1419	-60.8317
  1420	-61.1168
  1421	-61.6125
  1422	-62.2893
  1423	-63.076
  1424	-63.876
  1425	-64.5918
  1426	-65.1474
  1427	-65.5052
  1428	-65.6716
  1429	-65.693
  1430	-65.6423
  1431	-65.5959
  1432	-65.6101
  1433	-65.7021
  1434	-65.8437
  1435	-65.9714
  1436	-66.0096
  1437	-65.8973
  1438	-65.6119
  1439	-65.1811
  1440	-64.6835
  1441	-64.2347
  1442	-63.9618
  1443	-63.9713
  1444	-64.3184
  1445	-64.989
  1446	-65.9052
  1447	-66.9494
  1448	-68.0016
  1449	-68.9735
  1450	-69.8268
  1451	-70.5807
  1452	-71.3011
  1453	-72.0769
  1454	-72.984
  1455	-74.0486
  1456	-75.2291
  1457	-76.4253
  1458	-77.5071
  1459	-78.3561
  1460	-78.8962
  1461	-79.1093
  1462	-79.0361
  1463	-78.7616
  1464	-78.393
  1465	-78.0316
  1466	-77.7467
  1467	-77.5593
  1468	-77.4436
  1469	-77.3412
  1470	-77.1849
  1471	-76.9219
  1472	-76.533
  1473	-76.0418
  1474	-75.515
  1475	-75.0483
  1476	-74.7433
  1477	-74.6784
  1478	-74.8858
  1479	-75.3455
  1480	-75.9962
  1481	-76.7591
  1482	-77.5635
  1483	-78.3652
  1484	-79.1543
  1485	-79.9528
  1486	-80.8019
  1487	-81.7429
  1488	-82.8014
  1489	-83.9747
  1490	-85.2251
  1491	-86.4857
  1492	-87.6729
  1493	-88.7061
  1494	-89.5238
  1495	-90.0915
  1496	-90.4066
  1497	-90.4946
  1498	-90.3987
  1499	-90.1671
  1500	-89.8404
  1501	-89.4425
  1502	-88.9778
  1503	-88.4345
  1504	-87.793
  1505	-87.0397
  1506	-86.1775
  1507	-85.2341
  1508	-84.2626
  1509	-83.3365
  1510	-82.5404
  1511	-81.9526
  1512	-81.6286
  1513	-81.5858
  1514	-81.7966
  1515	-82.1932
  1516	-82.6841
  1517	-83.179
  1518	-83.6118
  1519	-83.9535
  1520	-84.2123
  1521	-84.4218
  1522	-84.6206
  1523	-84.8316
  1524	-85.0475
  1525	-85.2295
  1526	-85.3199
  1527	-85.2625
  1528	-85.0237
  1529	-84.6046
  1530	-84.0451
  1531	-83.4183
  1532	-82.8173
  1533	-82.3339
  1534	-82.0375
  1535	-81.9618
  1536	-82.0969
  1537	-82.3932
  1538	-82.7796
  1539	-83.187
  1540	-83.5694
  1541	-83.9192
  1542	-84.2688
  1543	-84.678
  1544	-85.2079
  1545	-85.8887
  1546	-86.6997
  1547	-87.5654
  1548	-88.3797
  1549	-89.0366
  1550	-89.4544
  1551	-89.5966
  1552	-89.4771
  1553	-89.1533
  1554	-88.7073
  1555	-88.2229
  1556	-87.7616
  1557	-87.3477
  1558	-86.9654
  1559	-86.5682
  1560	-86.0975
  1561	-85.5022
  1562	-84.7562
  1563	-83.8729
  1564	-82.9103
  1565	-81.9616
  1566	-81.1352
  1567	-80.5255
  1568	-80.1852
  1569	-80.1104
  1570	-80.2476
  1571	-80.5132
  1572	-80.8213
  1573	-81.1067
  1574	-81.3399
  1575	-81.5341
  1576	-81.7372
  1577	-82.0146
  1578	-82.4268
  1579	-83.0067
  1580	-83.7459
  1581	-84.5933
  1582	-85.467
  1583	-86.275
  1584	-86.937
  1585	-87.4051
  1586	-87.6714
  1587	-87.7679
  1588	-87.7546
  1589	-87.7019
  1590	-87.6724
  1591	-87.7027
  1592	-87.7946
  1593	-87.9139
  1594	-88.0002
  1595	-87.9845
  1596	-87.8096
  1597	-87.446
  1598	-86.9045
  1599	-86.2396
  1600	-85.5415
  1601	-84.9172
  1602	-84.4621
  1603	-84.2294
  1604	-84.2116
  1605	-84.3458
  1606	-84.5392
  1607	-84.7037
  1608	-84.7859
  1609	-84.7816
  1610	-84.7307
  1611	-84.7021
  1612	-84.767
  1613	-84.9743
  1614	-85.3315
  1615	-85.7992
  1616	-86.3003
  1617	-86.7392
  1618	-87.026
  1619	-87.0972
  1620	-86.9274
  1621	-86.5338
  1622	-85.9705
  1623	-85.314
  1624	-84.6432
  1625	-84.0166
  1626	-83.456
  1627	-82.9448
  1628	-82.4413
  1629	-81.9038
  1630	-81.3169
  1631	-80.7068
  1632	-80.1419
  1633	-79.7174
  1634	-79.5268
  1635	-79.6317
  1636	-80.0418
  1637	-80.7124
  1638	-81.5562
  1639	-82.466
  1640	-83.3406
  1641	-84.105
  1642	-84.7221
  1643	-85.1969
  1644	-85.569
  1645	-85.8952
  1646	-86.2267
  1647	-86.5868
  1648	-86.9594
  1649	-87.2926
  1650	-87.516
  1651	-87.5631
  1652	-87.3926
  1653	-87.003
  1654	-86.438
  1655	-85.7797
  1656	-85.1292
  1657	-84.5818
  1658	-84.1982
  1659	-83.9906
  1660	-83.9238
  1661	-83.9293
  1662	-83.9281
  1663	-83.8554
  1664	-83.6798
  1665	-83.4136
  1666	-83.1098
  1667	-82.8477
  1668	-82.7092
  1669	-82.7532
  1670	-82.9936
  1671	-83.3922
  1672	-83.8665
  1673	-84.3105
  1674	-84.6215
  1675	-84.725
  1676	-84.5901
  1677	-84.2355
  1678	-83.7221
  1679	-83.1382
  1680	-82.58
  1681	-82.1242
  1682	-81.8083
  1683	-81.6226
  1684	-81.5179
  1685	-81.4257
  1686	-81.2834
  1687	-81.0579
  1688	-80.7597
  1689	-80.4458
  1690	-80.209
  1691	-80.1538
  1692	-80.3626
  1693	-80.8633
  1694	-81.6148
  1695	-82.5152
  1696	-83.4321
  1697	-84.2399
  1698	-84.8492
  1699	-85.2196
  1700	-85.3618
  1701	-85.3273
  1702	-85.1903
  1703	-85.0286
  1704	-84.9018
  1705	-84.834
  1706	-84.8082
  1707	-84.7731
  1708	-84.6624
  1709	-84.4171
  1710	-84.0072
  1711	-83.4448
  1712	-82.784
  1713	-82.1111
  1714	-81.5205
  1715	-81.0852
  1716	-80.8366
  1717	-80.7572
  1718	-80.7921
  1719	-80.8698
  1720	-80.9252
  1721	-80.9176
  1722	-80.8401
  1723	-80.7205
  1724	-80.6145
  1725	-80.593
  1726	-80.7237
  1727	-81.0538
  1728	-81.5954
  1729	-82.3223
  1730	-83.1761
  1731	-84.0818
  1732	-84.968
  1733	-85.7793
  1734	-86.4871
  1735	-87.095
  1736	-87.6291
  1737	-88.126
  1738	-88.6136
  1739	-89.1003
  1740	-89.5712
  1741	-89.9899
  1742	-90.3097
  1743	-90.487
  1744	-90.4947
  1745	-90.3296
  1746	-90.0133
  1747	-89.5883
  1748	-89.1103
  1749	-88.6387
  1750	-88.2255
  1751	-87.9065
  1752	-87.6952
  1753	-87.581
  1754	-87.5344
  1755	-87.5172
  1756	-87.4945
  1757	-87.4464
  1758	-87.3727
  1759	-87.2915
  1760	-87.2289
  1761	-87.2071
  1762	-87.2309
  1763	-87.2833
  1764	-87.329
  1765	-87.3271
  1766	-87.2454
  1767	-87.0704
  1768	-86.8115
  1769	-86.4978
  1770	-86.1719
  1771	-85.8811
  1772	-85.6697
  1773	-85.5684
  1774	-85.5874
  1775	-85.7146
  1776	-85.9161
  1777	-86.145
  1778	-86.3518
  1779	-86.497
  1780	-86.5594
  1781	-86.5401
  1782	-86.4587
  1783	-86.345
  1784	-86.2265
  1785	-86.1173
  1786	-86.0133
  1787	-85.8933
  1788	-85.7271
  1789	-85.4868
  1790	-85.1568
  1791	-84.7391
  1792	-84.253
  1793	-83.7307
  1794	-83.2083
  1795	-82.7147
  1796	-82.2636
  1797	-81.8497
  1798	-81.4497
  1799	-81.0308
  1800	-80.5609
  1801	-80.0201
  1802	-79.4046
  1803	-78.7332
  1804	-78.0429
  1805	-77.3782
  1806	-76.7818
  1807	-76.2847
  1808	-75.9001
  1809	-75.623
  1810	-75.4313
  1811	-75.2953
  1812	-75.1849
  1813	-75.0775
  1814	-74.9619
  1815	-74.8387
  1816	-74.716
  1817	-74.6052
  1818	-74.5137
  1819	-74.4386
  1820	-74.3644
  1821	-74.262
  1822	-74.0916
  1823	-73.8116
  1824	-73.3874
  1825	-72.8005
  1826	-72.0557
  1827	-71.1836
  1828	-70.2394
  1829	-69.2948
  1830	-68.4217
  1831	-67.6772
  1832	-67.0927
  1833	-66.6662
  1834	-66.3676
  1835	-66.1556
  1836	-65.9914
  1837	-65.8525
  1838	-65.7382
  1839	-65.6686
  1840	-65.6745
  1841	-65.7836
  1842	-66.0042
  1843	-66.3168
  1844	-66.6762
  1845	-67.0233
  1846	-67.3032
  1847	-67.483
  1848	-67.5619
  1849	-67.568
  1850	-67.5485
  1851	-67.5522
  1852	-67.6124
  1853	-67.7365
  1854	-67.9064
  1855	-68.0846
  1856	-68.2273
  1857	-68.2963
  1858	-68.2665
  1859	-68.1301
  1860	-67.896
  1861	-67.5863
  1862	-67.2299
  1863	-66.8535
  1864	-66.4746
  1865	-66.0991
  1866	-65.7232
  1867	-65.3438
  1868	-64.9689
  1869	-64.6276
  1870	-64.37
  1871	-64.2593
  1872	-64.3537
  1873	-64.6888
  1874	-65.265
  1875	-66.0479
  1876	-66.9781
  1877	-67.9905
  1878	-69.0231
  1879	-70.028
  1880	-70.9775
  1881	-71.8605
  1882	-72.6753
  1883	-73.4226
  1884	-74.0974
  1885	-74.685
  1886	-75.1594
  1887	-75.4867
  1888	-75.6319
  1889	-75.5683
  1890	-75.2891
  1891	-74.8144
  1892	-74.1925
  1893	-73.4965
  1894	-72.8108
  1895	-72.2093
  1896	-71.7397
  1897	-71.4132
  1898	-71.2057
  1899	-71.0691
  1900	-70.9506
  1901	-70.808
  1902	-70.6239
  1903	-70.4089
  1904	-70.2
  1905	-70.0486
  1906	-70.0057
  1907	-70.1042
  1908	-70.3465
  1909	-70.7011
  1910	-71.1104
  1911	-71.5071
  1912	-71.8342
  1913	-72.0607
  1914	-72.1898
  1915	-72.2605
  1916	-72.3355
  1917	-72.4829
  1918	-72.755
  1919	-73.1719
  1920	-73.7141
  1921	-74.3274
  1922	-74.9369
  1923	-75.468
  1924	-75.8654
  1925	-76.105
  1926	-76.2016
  1927	-76.2043
  1928	-76.1838
  1929	-76.2122
  1930	-76.34
  1931	-76.579
  1932	-76.9005
  1933	-77.2455
  1934	-77.5488
  1935	-77.7617
  1936	-77.8688
  1937	-77.8929
  1938	-77.8895
  1939	-77.9307
  1940	-78.0848
  1941	-78.3951
  1942	-78.8654
  1943	-79.4579
  1944	-80.1019
  1945	-80.7109
  1946	-81.2044
  1947	-81.5273
  1948	-81.6623
  1949	-81.6332
  1950	-81.4971
  1951	-81.3278
  1952	-81.1918
  1953	-81.1276
  1954	-81.1354
  1955	-81.1823
  1956	-81.2194
  1957	-81.2055
  1958	-81.1242
  1959	-80.9929
  1960	-80.8614
  1961	-80.8008
  1962	-80.8847
  1963	-81.1692
  1964	-81.6759
  1965	-82.3838
  1966	-83.2319
  1967	-84.1314
  1968	-84.9894
  1969	-85.7285
  1970	-86.2961
  1971	-86.6724
  1972	-86.8676
  1973	-86.9119
  1974	-86.842
  1975	-86.6882
  1976	-86.4653
  1977	-86.1713
  1978	-85.7925
  1979	-85.3132
  1980	-84.7251
  1981	-84.0358
  1982	-83.2727
  1983	-82.4827
  1984	-81.7252
  1985	-81.0578
  1986	-80.5227
  1987	-80.1357
  1988	-79.8827
  1989	-79.7243
  1990	-79.6066
  1991	-79.4761
  1992	-79.2949
  1993	-79.048
  1994	-78.7439
  1995	-78.4086
  1996	-78.0737
  1997	-77.7638
  1998	-77.4868
  1999	-77.2294
  2000	-76.9608
  2001	-76.6424
