     1	52.1484
     2	52.2794
     3	52.334
     4	52.3362
     5	52.3281
     6	52.3517
     7	52.436
     8	52.5873
     9	52.7901
    10	53.015
    11	53.2267
    12	53.3999
    13	53.526
    14	53.6172
    15	53.7041
    16	53.8259
    17	54.0166
    18	54.2926
    19	54.6408
    20	55.0177
    21	55.3578
    22	55.5874
    23	55.6486
    24	55.5114
    25	55.1805
    26	54.6883
    27	54.079
    28	53.3847
    29	52.6117
    30	51.7376
    31	50.7219
    32	49.529
    33	48.1487
    34	46.6168
    35	45.0248
    36	43.5056
    37	42.2044
    38	41.2372
    39	40.6636
    40	40.4886
    41	40.6796
    42	41.195
    43	41.9997
    44	43.0667
    45	44.3626
    46	45.8345
    47	47.4071
    48	48.9915
    49	50.5046
    50	51.8885
    51	53.1127
    52	54.1681
    53	55.0531
    54	55.7648
    55	56.3008
    56	56.6591
    57	56.8463
    58	56.876
    59	56.7687
    60	56.5498
    61	56.2492
    62	55.9041
    63	55.5638
    64	55.2916
    65	55.1526
    66	55.1996
    67	55.4506
    68	55.8797
    69	56.4241
    70	57.0056
    71	57.5583
    72	58.0501
    73	58.4926
    74	58.9338
    75	59.4422
    76	60.0745
    77	60.8502
    78	61.7286
    79	62.6152
    80	63.391
    81	63.9494
    82	64.2234
    83	64.1999
    84	63.9166
    85	63.4478
    86	62.8819
    87	62.2948
    88	61.7251
    89	61.1637
    90	60.5665
    91	59.8778
    92	59.0587
    93	58.1092
    94	57.0768
    95	56.0474
    96	55.1247
    97	54.3977
    98	53.9118
    99	53.6569
   100	53.5803
   101	53.6114
   102	53.6892
   103	53.7812
   104	53.8866
   105	54.0276
   106	54.2364
   107	54.5392
   108	54.9433
   109	55.4367
   110	55.9902
   111	56.5666
   112	57.1298
   113	57.6539
   114	58.1251
   115	58.547
   116	58.9321
   117	59.2897
   118	59.618
   119	59.8957
   120	60.0829
   121	60.129
   122	59.9867
   123	59.63
   124	59.0673
   125	58.3426
   126	57.5227
   127	56.6745
   128	55.841
   129	55.0318
   130	54.2327
   131	53.4267
   132	52.6182
   133	51.8499
   134	51.2063
   135	50.7956
   136	50.7221
   137	51.053
   138	51.7958
   139	52.9029
   140	54.2976
   141	55.9051
   142	57.6688
   143	59.5432
   144	61.4716
   145	63.37
   146	65.1352
   147	66.6712
   148	67.9245
   149	68.8952
   150	69.6227
   151	70.1624
   152	70.5662
   153	70.8705
   154	71.1001
   155	71.2767
   156	71.4249
   157	71.5714
   158	71.7361
   159	71.9195
   160	72.1006
   161	72.2457
   162	72.3272
   163	72.3442
   164	72.3278
   165	72.3327
   166	72.4093
   167	72.5779
   168	72.8147
   169	73.0587
   170	73.2351
   171	73.2862
   172	73.1903
   173	72.9676
   174	72.6682
   175	72.3517
   176	72.0648
   177	71.8265
   178	71.6232
   179	71.4176
   180	71.1623
   181	70.8131
   182	70.3375
   183	69.7157
   184	68.9415
   185	68.0216
   186	66.9776
   187	65.8438
   188	64.6534
   189	63.4209
   190	62.1359
   191	60.7646
   192	59.2636
   193	57.615
   194	55.847
   195	54.0267
   196	52.2522
   197	50.6184
   198	49.1881
   199	47.9735
   200	46.9451
   201	46.055
   202	45.2662
   203	44.5734
   204	44.0073
   205	43.6235
   206	43.4786
   207	43.6074
   208	44.0075
   209	44.6421
   210	45.4549
   211	46.3877
   212	47.3922
   213	48.4332
   214	49.4809
   215	50.5069
   216	51.4799
   217	52.3695
   218	53.1484
   219	53.7934
   220	54.2856
   221	54.6072
   222	54.7445
   223	54.6936
   224	54.47
   225	54.1101
   226	53.6626
   227	53.1729
   228	52.6713
   229	52.1665
   230	51.6534
   231	51.13
   232	50.6142
   233	50.1534
   234	49.8213
   235	49.699
   236	49.8502
   237	50.2968
   238	51.0124
   239	51.9352
   240	52.9936
   241	54.1311
   242	55.3135
   243	56.5242
   244	57.7454
   245	58.9383
   246	60.0419
   247	60.9854
   248	61.7066
   249	62.1647
   250	62.3449
   251	62.2525
   252	61.9076
   253	61.3408
   254	60.592
   255	59.7125
   256	58.7593
   257	57.7831
   258	56.8171
   259	55.8694
   260	54.9283
   261	53.9822
   262	53.0428
   263	52.1562
   264	51.3977
   265	50.856
   266	50.5941
   267	50.6251
   268	50.903
   269	51.3397
   270	51.8368
   271	52.3143
   272	52.7288
   273	53.0731
   274	53.3675
   275	53.6392
   276	53.908
   277	54.1741
   278	54.4208
   279	54.6157
   280	54.7202
   281	54.6949
   282	54.5079
   283	54.1392
   284	53.5859
   285	52.8693
   286	52.0358
   287	51.1513
   288	50.2857
   289	49.4934
   290	48.8076
   291	48.2437
   292	47.8161
   293	47.5563
   294	47.5157
   295	47.7478
   296	48.281
   297	49.0943
   298	50.1091
   299	51.2055
   300	52.255
   301	53.1529
   302	53.8348
   303	54.2789
   304	54.4956
   305	54.5109
   306	54.3498
   307	54.0254
   308	53.5418
   309	52.9029
   310	52.1236
   311	51.2397
   312	50.3044
   313	49.3816
   314	48.5326
   315	47.8079
   316	47.2401
   317	46.8432
   318	46.6151
   319	46.5426
   320	46.6091
   321	46.799
   322	47.1014
   323	47.5067
   324	48.0032
   325	48.5711
   326	49.1797
   327	49.7873
   328	50.3531
   329	50.8451
   330	51.2465
   331	51.5616
   332	51.8166
   333	52.0545
   334	52.3233
   335	52.6602
   336	53.0753
   337	53.5462
   338	54.0224
   339	54.4403
   340	54.743
   341	54.8972
   342	54.9019
   343	54.7883
   344	54.613
   345	54.4385
   346	54.3177
   347	54.2786
   348	54.32
   349	54.4185
   350	54.5441
   351	54.6754
   352	54.8109
   353	54.9674
   354	55.1693
   355	55.4382
   356	55.7828
   357	56.197
   358	56.6626
   359	57.153
   360	57.6367
   361	58.0798
   362	58.4507
   363	58.7243
   364	58.888
   365	58.9437
   366	58.9083
   367	58.8095
   368	58.6776
   369	58.5366
   370	58.3996
   371	58.2685
   372	58.1386
   373	58.0058
   374	57.8694
   375	57.7321
   376	57.5942
   377	57.452
   378	57.2919
   379	57.0909
   380	56.8187
   381	56.4442
   382	55.9432
   383	55.3078
   384	54.5512
   385	53.7076
   386	52.8246
   387	51.9481
   388	51.1107
   389	50.3281
   390	49.6034
   391	48.9385
   392	48.3441
   393	47.839
   394	47.4456
   395	47.1803
   396	47.0445
   397	47.0171
   398	47.058
   399	47.1187
   400	47.1514
   401	47.1194
   402	46.9957
   403	46.7626
   404	46.4105
   405	45.9336
   406	45.332
   407	44.6119
   408	43.7844
   409	42.8654
   410	41.8804
   411	40.8668
   412	39.8719
   413	38.9539
   414	38.1741
   415	37.5798
   416	37.194
   417	37.0144
   418	37.0194
   419	37.1821
   420	37.4875
   421	37.9454
   422	38.5905
   423	39.475
   424	40.647
   425	42.1263
   426	43.8841
   427	45.8414
   428	47.8819
   429	49.8765
   430	51.7147
   431	53.3224
   432	54.6662
   433	55.7486
   434	56.5913
   435	57.2199
   436	57.6476
   437	57.8663
   438	57.8499
   439	57.5628
   440	56.9787
   441	56.0964
   442	54.9569
   443	53.6392
   444	52.2526
   445	50.923
   446	49.7677
   447	48.8723
   448	48.2831
   449	48.0087
   450	48.0297
   451	48.3164
   452	48.8338
   453	49.5487
   454	50.4293
   455	51.4433
   456	52.5603
   457	53.7535
   458	54.9993
   459	56.2721
   460	57.5341
   461	58.7361
   462	59.819
   463	60.7283
   464	61.4257
   465	61.8969
   466	62.1519
   467	62.2221
   468	62.1472
   469	61.9639
   470	61.6993
   471	61.369
   472	60.9863
   473	60.5681
   474	60.1385
   475	59.7263
   476	59.3596
   477	59.0583
   478	58.8355
   479	58.6994
   480	58.6588
   481	58.7205
   482	58.888
   483	59.1512
   484	59.4856
   485	59.8555
   486	60.2263
   487	60.5767
   488	60.9088
   489	61.2469
   490	61.6209
   491	62.049
   492	62.5217
   493	63
   494	63.429
   495	63.7635
   496	63.988
   497	64.1257
   498	64.2238
   499	64.3386
   500	64.5188
   501	64.7987
   502	65.1991
   503	65.728
   504	66.38
   505	67.1284
   506	67.9231
   507	68.6921
   508	69.356
   509	69.845
   510	70.1151
   511	70.1591
   512	70.0033
   513	69.6938
   514	69.2793
   515	68.79
   516	68.2287
   517	67.5729
   518	66.7909
   519	65.8593
   520	64.7797
   521	63.5838
   522	62.3286
   523	61.0838
   524	59.9196
   525	58.8932
   526	58.0436
   527	57.387
   528	56.9191
   529	56.6164
   530	56.4435
   531	56.3568
   532	56.3121
   533	56.2689
   534	56.1953
   535	56.0723
   536	55.893
   537	55.6579
   538	55.3659
   539	55.0096
   540	54.5749
   541	54.0507
   542	53.438
   543	52.7562
   544	52.0416
   545	51.3413
   546	50.7018
   547	50.1572
   548	49.7255
   549	49.4114
   550	49.2166
   551	49.147
   552	49.2152
   553	49.4328
   554	49.7991
   555	50.2888
   556	50.8493
   557	51.4061
   558	51.8801
   559	52.2
   560	52.3129
   561	52.1873
   562	51.8122
   563	51.1938
   564	50.3505
   565	49.3072
   566	48.0904
   567	46.7286
   568	45.2548
   569	43.7111
   570	42.1502
   571	40.6375
   572	39.2476
   573	38.0504
   574	37.1014
   575	36.4386
   576	36.0787
   577	36.0228
   578	36.2666
   579	36.8066
   580	37.6405
   581	38.7576
   582	40.1277
   583	41.69
   584	43.3568
   585	45.0266
   586	46.6073
   587	48.032
   588	49.2641
   589	50.2895
   590	51.1102
   591	51.733
   592	52.1687
   593	52.4326
   594	52.5426
   595	52.5188
   596	52.3772
   597	52.1252
   598	51.7658
   599	51.3076
   600	50.7802
   601	50.2432
   602	49.7846
   603	49.5002
   604	49.4604
   605	49.6854
   606	50.134
   607	50.7182
   608	51.3368
   609	51.9086
   610	52.3936
   611	52.7936
   612	53.138
   613	53.4608
   614	53.7834
   615	54.1028
   616	54.3948
   617	54.6217
   618	54.7429
   619	54.7237
   620	54.5379
   621	54.175
   622	53.6431
   623	52.9737
   624	52.2218
   625	51.4575
   626	50.7533
   627	50.1672
   628	49.7303
   629	49.4414
   630	49.2762
   631	49.1967
   632	49.1662
   633	49.1579
   634	49.1591
   635	49.1683
   636	49.1857
   637	49.2076
   638	49.2228
   639	49.2153
   640	49.1723
   641	49.0943
   642	48.995
   643	48.8982
   644	48.8233
   645	48.7765
   646	48.7508
   647	48.7346
   648	48.7264
   649	48.7466
   650	48.8383
   651	49.0524
   652	49.427
   653	49.963
   654	50.6155
   655	51.3012
   656	51.9232
   657	52.3986
   658	52.6782
   659	52.7528
   660	52.642
   661	52.3797
   662	51.9988
   663	51.5234
   664	50.9681
   665	50.3375
   666	49.6333
   667	48.8604
   668	48.0317
   669	47.1776
   670	46.35
   671	45.6217
   672	45.077
   673	44.7893
   674	44.8021
   675	45.1203
   676	45.7102
   677	46.5125
   678	47.4661
   679	48.5335
   680	49.7067
   681	51.0064
   682	52.4632
   683	54.0881
   684	55.8497
   685	57.6702
   686	59.44
   687	61.0462
   688	62.3967
   689	63.4358
   690	64.1483
   691	64.5549
   692	64.6988
   693	64.6348
   694	64.4162
   695	64.0851
   696	63.6701
   697	63.1903
   698	62.6617
   699	62.1059
   700	61.5546
   701	61.0474
   702	60.6236
   703	60.3097
   704	60.1128
   705	60.0168
   706	59.9898
   707	59.9933
   708	59.9947
   709	59.9718
   710	59.9146
   711	59.8225
   712	59.7008
   713	59.5572
   714	59.3985
   715	59.228
   716	59.0429
   717	58.8352
   718	58.5924
   719	58.304
   720	57.9665
   721	57.586
   722	57.1799
   723	56.7703
   724	56.3807
   725	56.0304
   726	55.7301
   727	55.4817
   728	55.2809
   729	55.1235
   730	55.0141
   731	54.9669
   732	55.0051
   733	55.1481
   734	55.3995
   735	55.7381
   736	56.1199
   737	56.4924
   738	56.8085
   739	57.0452
   740	57.213
   741	57.3535
   742	57.5234
   743	57.7747
   744	58.1339
   745	58.5955
   746	59.1319
   747	59.7116
   748	60.3226
   749	60.9796
   750	61.7146
   751	62.5581
   752	63.5201
   753	64.5827
   754	65.7046
   755	66.8319
   756	67.9124
   757	68.9044
   758	69.7791
   759	70.5151
   760	71.0936
   761	71.4966
   762	71.7098
   763	71.7266
   764	71.5483
   765	71.1826
   766	70.6384
   767	69.9223
   768	69.046
   769	68.0351
   770	66.937
   771	65.8232
   772	64.7769
   773	63.8693
   774	63.138
   775	62.579
   776	62.1537
   777	61.8129
   778	61.5214
   779	61.274
   780	61.0947
   781	61.0205
   782	61.0779
   783	61.2616
   784	61.5257
   785	61.7941
   786	61.9835
   787	62.024
   788	61.8749
   789	61.5251
   790	60.986
   791	60.2826
   792	59.4451
   793	58.5044
   794	57.4886
   795	56.4232
   796	55.3263
   797	54.2095
   798	53.0861
   799	51.9772
   800	50.9148
   801	49.9448
   802	49.1209
   803	48.4904
   804	48.0803
   805	47.8914
   806	47.9016
   807	48.0793
   808	48.3944
   809	48.8304
   810	49.385
   811	50.0652
   812	50.873
   813	51.7926
   814	52.7847
   815	53.7896
   816	54.7379
   817	55.5652
   818	56.2276
   819	56.7114
   820	57.0353
   821	57.2457
   822	57.3996
   823	57.5415
   824	57.6864
   825	57.8112
   826	57.8677
   827	57.8045
   828	57.589
   829	57.2202
   830	56.7271
   831	56.1583
   832	55.5634
   833	54.9745
   834	54.397
   835	53.8129
   836	53.1935
   837	52.5166
   838	51.7814
   839	51.0149
   840	50.2694
   841	49.6115
   842	49.1069
   843	48.8074
   844	48.7408
   845	48.911
   846	49.3081
   847	49.9228
   848	50.7575
   849	51.8262
   850	53.1449
   851	54.7143
   852	56.5059
   853	58.4587
   854	60.4898
   855	62.5091
   856	64.435
   857	66.2013
   858	67.762
   859	69.0925
   860	70.1845
   861	71.0439
   862	71.6816
   863	72.1047
   864	72.3118
   865	72.2884
   866	72.0124
   867	71.4647
   868	70.6447
   869	69.582
   870	68.3408
   871	67.0121
   872	65.6934
   873	64.4643
   874	63.3682
   875	62.4096
   876	61.569
   877	60.824
   878	60.1621
   879	59.5845
   880	59.103
   881	58.7286
   882	58.462
   883	58.2921
   884	58.201
   885	58.1686
   886	58.1805
   887	58.2298
   888	58.3123
   889	58.4219
   890	58.5447
   891	58.6589
   892	58.7404
   893	58.7691
   894	58.7342
   895	58.6352
   896	58.4764
   897	58.2655
   898	58.0158
   899	57.7548
   900	57.5259
   901	57.3843
   902	57.3755
   903	57.5119
   904	57.7602
   905	58.051
   906	58.306
   907	58.4673
   908	58.5204
   909	58.4988
   910	58.4716
   911	58.5151
   912	58.682
   913	58.9789
   914	59.3622
   915	59.757
   916	60.0866
   917	60.301
   918	60.3945
   919	60.4075
   920	60.4103
   921	60.4791
   922	60.6662
   923	60.9838
   924	61.4003
   925	61.8565
   926	62.2859
   927	62.6337
   928	62.8694
   929	62.9882
   930	63.0068
   931	62.9561
   932	62.8725
   933	62.7882
   934	62.7216
   935	62.6715
   936	62.6189
   937	62.5323
   938	62.3814
   939	62.1491
   940	61.8399
   941	61.4805
   942	61.1106
   943	60.7714
   944	60.494
   945	60.2952
   946	60.1791
   947	60.1445
   948	60.1937
   949	60.3398
   950	60.6049
   951	61.0138
   952	61.5838
   953	62.3157
   954	63.1938
   955	64.1929
   956	65.2871
   957	66.4585
   958	67.6944
   959	68.9796
   960	70.2861
   961	71.5685
   962	72.7654
   963	73.8159
   964	74.6742
   965	75.3203
   966	75.7618
   967	76.0281
   968	76.1597
   969	76.1973
   970	76.1725
   971	76.1039
   972	75.9964
   973	75.8427
   974	75.6276
   975	75.3334
   976	74.9481
   977	74.4708
   978	73.9171
   979	73.3155
   980	72.7011
   981	72.1053
   982	71.5467
   983	71.0236
   984	70.5138
   985	69.9835
   986	69.3999
   987	68.7476
   988	68.0371
   989	67.3075
   990	66.6177
   991	66.0329
   992	65.6048
   993	65.3588
   994	65.2854
   995	65.3448
   996	65.4816
   997	65.6462
   998	65.8109
   999	65.9788
  1000	66.1765
  1001	66.4383
  1002	66.7857
  1003	67.2133
  1004	67.6888
  1005	68.159
  1006	68.5669
  1007	68.864
  1008	69.0222
  1009	69.0381
  1010	68.9335
  1011	68.7483
  1012	68.5299
  1013	68.3211
  1014	68.154
  1015	68.0445
  1016	67.9944
  1017	67.998
  1018	68.0463
  1019	68.1322
  1020	68.2518
  1021	68.4043
  1022	68.5886
  1023	68.8019
  1024	69.0403
  1025	69.2972
  1026	69.5663
  1027	69.8394
  1028	70.1055
  1029	70.3501
  1030	70.5545
  1031	70.6983
  1032	70.7616
  1033	70.727
  1034	70.5822
  1035	70.324
  1036	69.9577
  1037	69.4969
  1038	68.9602
  1039	68.3671
  1040	67.73
  1041	67.0527
  1042	66.3269
  1043	65.5341
  1044	64.6511
  1045	63.6577
  1046	62.5465
  1047	61.3279
  1048	60.033
  1049	58.7099
  1050	57.4179
  1051	56.2153
  1052	55.1476
  1053	54.2414
  1054	53.5023
  1055	52.9247
  1056	52.5084
  1057	52.2734
  1058	52.264
  1059	52.5404
  1060	53.1574
  1061	54.1377
  1062	55.457
  1063	57.042
  1064	58.7908
  1065	60.5978
  1066	62.3753
  1067	64.0621
  1068	65.6289
  1069	67.0723
  1070	68.4017
  1071	69.6292
  1072	70.7579
  1073	71.7785
  1074	72.6673
  1075	73.3862
  1076	73.8939
  1077	74.1555
  1078	74.1564
  1079	73.9118
  1080	73.4686
  1081	72.8983
  1082	72.2778
  1083	71.67
  1084	71.1069
  1085	70.5861
  1086	70.0829
  1087	69.5686
  1088	69.0279
  1089	68.4671
  1090	67.912
  1091	67.3966
  1092	66.9486
  1093	66.5791
  1094	66.2779
  1095	66.0162
  1096	65.7552
  1097	65.4537
  1098	65.0728
  1099	64.5793
  1100	63.9466
  1101	63.1583
  1102	62.2107
  1103	61.1166
  1104	59.9016
  1105	58.5973
  1106	57.2352
  1107	55.8421
  1108	54.4466
  1109	53.0862
  1110	51.8147
  1111	50.7013
  1112	49.8256
  1113	49.2525
  1114	49.0174
  1115	49.1226
  1116	49.5434
  1117	50.239
  1118	51.1628
  1119	52.2638
  1120	53.4826
  1121	54.7446
  1122	55.9609
  1123	57.0362
  1124	57.8822
  1125	58.4348
  1126	58.6631
  1127	58.5709
  1128	58.194
  1129	57.5908
  1130	56.832
  1131	55.9907
  1132	55.1329
  1133	54.3067
  1134	53.5397
  1135	52.8471
  1136	52.2394
  1137	51.7293
  1138	51.3373
  1139	51.0861
  1140	50.9913
  1141	51.0485
  1142	51.2246
  1143	51.457
  1144	51.6615
  1145	51.7488
  1146	51.6446
  1147	51.3052
  1148	50.7268
  1149	49.9468
  1150	49.0335
  1151	48.0697
  1152	47.1336
  1153	46.2801
  1154	45.5328
  1155	44.8881
  1156	44.3297
  1157	43.8475
  1158	43.4519
  1159	43.1772
  1160	43.0739
  1161	43.1892
  1162	43.5493
  1163	44.1515
  1164	44.9659
  1165	45.9452
  1166	47.0369
  1167	48.1894
  1168	49.3619
  1169	50.5263
  1170	51.6622
  1171	52.7577
  1172	53.8066
  1173	54.8041
  1174	55.7441
  1175	56.6121
  1176	57.3861
  1177	58.0397
  1178	58.5486
  1179	58.9003
  1180	59.1003
  1181	59.1739
  1182	59.1617
  1183	59.1108
  1184	59.0638
  1185	59.0513
  1186	59.0886
  1187	59.1792
  1188	59.3169
  1189	59.4922
  1190	59.6944
  1191	59.911
  1192	60.1287
  1193	60.331
  1194	60.4989
  1195	60.6128
  1196	60.6505
  1197	60.5876
  1198	60.3953
  1199	60.0388
  1200	59.481
  1201	58.6866
  1202	57.6304
  1203	56.3033
  1204	54.7157
  1205	52.9018
  1206	50.9181
  1207	48.8445
  1208	46.779
  1209	44.8328
  1210	43.1225
  1211	41.7489
  1212	40.7783
  1213	40.2335
  1214	40.0976
  1215	40.3279
  1216	40.8764
  1217	41.7017
  1218	42.7688
  1219	44.0392
  1220	45.4642
  1221	46.98
  1222	48.5101
  1223	49.9797
  1224	51.3272
  1225	52.5087
  1226	53.5039
  1227	54.3145
  1228	54.9604
  1229	55.4746
  1230	55.8928
  1231	56.2488
  1232	56.5693
  1233	56.87
  1234	57.1547
  1235	57.4174
  1236	57.6489
  1237	57.8488
  1238	58.0348
  1239	58.2454
  1240	58.5327
  1241	58.9472
  1242	59.5212
  1243	60.2524
  1244	61.1036
  1245	62.0154
  1246	62.9204
  1247	63.7598
  1248	64.492
  1249	65.0968
  1250	65.5695
  1251	65.9143
  1252	66.1361
  1253	66.2348
  1254	66.2046
  1255	66.0389
  1256	65.7335
  1257	65.2894
  1258	64.717
  1259	64.0344
  1260	63.2702
  1261	62.463
  1262	61.6604
  1263	60.9177
  1264	60.2903
  1265	59.8254
  1266	59.5527
  1267	59.4794
  1268	59.5891
  1269	59.8459
  1270	60.2011
  1271	60.6061
  1272	61.0242
  1273	61.4342
  1274	61.8324
  1275	62.228
  1276	62.634
  1277	63.062
  1278	63.5181
  1279	64.0041
  1280	64.5179
  1281	65.0535
  1282	65.6007
  1283	66.1441
  1284	66.6697
  1285	67.1673
  1286	67.6368
  1287	68.0886
  1288	68.5401
  1289	69.0066
  1290	69.4916
  1291	69.9827
  1292	70.4507
  1293	70.8552
  1294	71.1533
  1295	71.3066
  1296	71.2882
  1297	71.0859
  1298	70.7016
  1299	70.1463
  1300	69.4387
  1301	68.5976
  1302	67.6413
  1303	66.5839
  1304	65.4367
  1305	64.2084
  1306	62.9126
  1307	61.5775
  1308	60.2503
  1309	59.0016
  1310	57.9175
  1311	57.0833
  1312	56.5636
  1313	56.3857
  1314	56.535
  1315	56.9641
  1316	57.6084
  1317	58.3984
  1318	59.2723
  1319	60.1788
  1320	61.0761
  1321	61.9305
  1322	62.7184
  1323	63.421
  1324	64.0239
  1325	64.5168
  1326	64.8882
  1327	65.1259
  1328	65.2186
  1329	65.1614
  1330	64.959
  1331	64.628
  1332	64.1957
  1333	63.6962
  1334	63.1643
  1335	62.6314
  1336	62.1258
  1337	61.6712
  1338	61.2906
  1339	61.0046
  1340	60.827
  1341	60.76
  1342	60.7906
  1343	60.893
  1344	61.0322
  1345	61.1728
  1346	61.2858
  1347	61.3517
  1348	61.3583
  1349	61.2981
  1350	61.1599
  1351	60.9283
  1352	60.5817
  1353	60.096
  1354	59.4486
  1355	58.6258
  1356	57.6263
  1357	56.4649
  1358	55.1715
  1359	53.7886
  1360	52.3617
  1361	50.9346
  1362	49.5425
  1363	48.2079
  1364	46.9389
  1365	45.7387
  1366	44.6136
  1367	43.5847
  1368	42.6884
  1369	41.973
  1370	41.492
  1371	41.2844
  1372	41.3579
  1373	41.6831
  1374	42.2005
  1375	42.8338
  1376	43.5127
  1377	44.1868
  1378	44.8311
  1379	45.445
  1380	46.0483
  1381	46.6692
  1382	47.336
  1383	48.0677
  1384	48.8689
  1385	49.7336
  1386	50.6466
  1387	51.5899
  1388	52.547
  1389	53.5045
  1390	54.4504
  1391	55.3713
  1392	56.2483
  1393	57.0603
  1394	57.7821
  1395	58.3823
  1396	58.8258
  1397	59.0792
  1398	59.1136
  1399	58.9116
  1400	58.4692
  1401	57.7973
  1402	56.9188
  1403	55.8626
  1404	54.659
  1405	53.338
  1406	51.9283
  1407	50.4649
  1408	48.9884
  1409	47.55
  1410	46.211
  1411	45.0334
  1412	44.0697
  1413	43.3493
  1414	42.8747
  1415	42.6276
  1416	42.5749
  1417	42.6761
  1418	42.8877
  1419	43.1649
  1420	43.4615
  1421	43.7301
  1422	43.9236
  1423	43.9982
  1424	43.9181
  1425	43.6598
  1426	43.2159
  1427	42.5953
  1428	41.824
  1429	40.9401
  1430	39.9868
  1431	39.0026
  1432	38.0165
  1433	37.0423
  1434	36.0867
  1435	35.157
  1436	34.2762
  1437	33.4889
  1438	32.8611
  1439	32.4685
  1440	32.3792
  1441	32.6341
  1442	33.234
  1443	34.1339
  1444	35.2552
  1445	36.5084
  1446	37.814
  1447	39.1158
  1448	40.3884
  1449	41.6276
  1450	42.8343
  1451	44.0017
  1452	45.1057
  1453	46.1088
  1454	46.9644
  1455	47.6239
  1456	48.0487
  1457	48.2187
  1458	48.1406
  1459	47.8505
  1460	47.4146
  1461	46.9227
  1462	46.4769
  1463	46.1766
  1464	46.1036
  1465	46.3095
  1466	46.8114
  1467	47.5952
  1468	48.6227
  1469	49.8383
  1470	51.1819
  1471	52.591
  1472	54.0086
  1473	55.3832
  1474	56.6711
  1475	57.8384
  1476	58.8572
  1477	59.7059
  1478	60.3695
  1479	60.8433
  1480	61.1322
  1481	61.2561
  1482	61.2516
  1483	61.1707
  1484	61.0764
  1485	61.0352
  1486	61.1071
  1487	61.3366
  1488	61.7456
  1489	62.3284
  1490	63.0507
  1491	63.8559
  1492	64.6734
  1493	65.4331
  1494	66.0765
  1495	66.5614
  1496	66.8626
  1497	66.9711
  1498	66.8882
  1499	66.6221
  1500	66.1844
  1501	65.5873
  1502	64.8426
  1503	63.9635
  1504	62.9686
  1505	61.8914
  1506	60.7856
  1507	59.7264
  1508	58.8023
  1509	58.0955
  1510	57.664
  1511	57.5239
  1512	57.6453
  1513	57.9641
  1514	58.3991
  1515	58.8719
  1516	59.3211
  1517	59.7051
  1518	60
  1519	60.1947
  1520	60.284
  1521	60.2646
  1522	60.1339
  1523	59.8895
  1524	59.5314
  1525	59.0639
  1526	58.4987
  1527	57.8552
  1528	57.1636
  1529	56.4598
  1530	55.7813
  1531	55.1588
  1532	54.609
  1533	54.1294
  1534	53.7009
  1535	53.2996
  1536	52.9096
  1537	52.5336
  1538	52.198
  1539	51.9492
  1540	51.8422
  1541	51.9275
  1542	52.2363
  1543	52.7747
  1544	53.5275
  1545	54.4626
  1546	55.543
  1547	56.7273
  1548	57.9773
  1549	59.2567
  1550	60.5204
  1551	61.7177
  1552	62.7922
  1553	63.6931
  1554	64.3793
  1555	64.8218
  1556	65.0063
  1557	64.9369
  1558	64.6366
  1559	64.1467
  1560	63.5254
  1561	62.842
  1562	62.1709
  1563	61.5838
  1564	61.1458
  1565	60.9078
  1566	60.9039
  1567	61.1491
  1568	61.6367
  1569	62.3392
  1570	63.2112
  1571	64.1963
  1572	65.2387
  1573	66.2874
  1574	67.2991
  1575	68.2444
  1576	69.1011
  1577	69.8495
  1578	70.4682
  1579	70.9336
  1580	71.2258
  1581	71.3332
  1582	71.2569
  1583	71.0151
  1584	70.6422
  1585	70.1851
  1586	69.6957
  1587	69.2231
  1588	68.8047
  1589	68.4597
  1590	68.1816
  1591	67.9406
  1592	67.69
  1593	67.3797
  1594	66.9699
  1595	66.4402
  1596	65.7925
  1597	65.0472
  1598	64.2387
  1599	63.4053
  1600	62.5751
  1601	61.7619
  1602	60.9618
  1603	60.1587
  1604	59.3344
  1605	58.4844
  1606	57.6268
  1607	56.806
  1608	56.0817
  1609	55.5138
  1610	55.1475
  1611	55.0003
  1612	55.0598
  1613	55.2872
  1614	55.6274
  1615	56.0188
  1616	56.4042
  1617	56.7381
  1618	56.9902
  1619	57.1474
  1620	57.2086
  1621	57.1797
  1622	57.0654
  1623	56.863
  1624	56.5578
  1625	56.1243
  1626	55.5331
  1627	54.7633
  1628	53.8133
  1629	52.7089
  1630	51.5074
  1631	50.2884
  1632	49.1411
  1633	48.1472
  1634	47.3697
  1635	46.8467
  1636	46.5901
  1637	46.5933
  1638	46.8363
  1639	47.2948
  1640	47.9441
  1641	48.7636
  1642	49.7373
  1643	50.8505
  1644	52.0874
  1645	53.4225
  1646	54.8194
  1647	56.2287
  1648	57.5926
  1649	58.8536
  1650	59.9649
  1651	60.8985
  1652	61.6513
  1653	62.2446
  1654	62.7176
  1655	63.1188
  1656	63.4957
  1657	63.8855
  1658	64.3101
  1659	64.7723
  1660	65.2563
  1661	65.7312
  1662	66.1602
  1663	66.5122
  1664	66.7714
  1665	66.9441
  1666	67.0554
  1667	67.1369
  1668	67.2128
  1669	67.2872
  1670	67.3394
  1671	67.3283
  1672	67.2039
  1673	66.9226
  1674	66.4593
  1675	65.8165
  1676	65.0249
  1677	64.1394
  1678	63.2224
  1679	62.3292
  1680	61.5047
  1681	60.7742
  1682	60.1432
  1683	59.6057
  1684	59.1517
  1685	58.7738
  1686	58.4721
  1687	58.2574
  1688	58.1466
  1689	58.1583
  1690	58.3077
  1691	58.5994
  1692	59.0239
  1693	59.5567
  1694	60.16
  1695	60.7882
  1696	61.3959
  1697	61.9487
  1698	62.4298
  1699	62.8442
  1700	63.2196
  1701	63.5975
  1702	64.0222
  1703	64.5286
  1704	65.1317
  1705	65.8237
  1706	66.5759
  1707	67.3503
  1708	68.107
  1709	68.8172
  1710	69.4669
  1711	70.0588
  1712	70.6065
  1713	71.1255
  1714	71.6235
  1715	72.0956
  1716	72.5216
  1717	72.8675
  1718	73.0937
  1719	73.1652
  1720	73.0609
  1721	72.7809
  1722	72.3486
  1723	71.8053
  1724	71.2027
  1725	70.5889
  1726	69.9981
  1727	69.446
  1728	68.9306
  1729	68.4378
  1730	67.9496
  1731	67.4522
  1732	66.943
  1733	66.4345
  1734	65.9523
  1735	65.5257
  1736	65.1814
  1737	64.9342
  1738	64.7843
  1739	64.7144
  1740	64.6947
  1741	64.6891
  1742	64.6659
  1743	64.6066
  1744	64.5107
  1745	64.3973
  1746	64.2994
  1747	64.2534
  1748	64.2877
  1749	64.4125
  1750	64.6137
  1751	64.8554
  1752	65.0877
  1753	65.2597
  1754	65.3344
  1755	65.3012
  1756	65.1816
  1757	65.0241
  1758	64.8913
  1759	64.839
  1760	64.9006
  1761	65.0718
  1762	65.3138
  1763	65.5615
  1764	65.7436
  1765	65.8023
  1766	65.707
  1767	65.4587
  1768	65.0838
  1769	64.624
  1770	64.1208
  1771	63.6058
  1772	63.0948
  1773	62.5843
  1774	62.0563
  1775	61.4892
  1776	60.8682
  1777	60.1937
  1778	59.4892
  1779	58.7999
  1780	58.1848
  1781	57.7056
  1782	57.4128
  1783	57.3356
  1784	57.4736
  1785	57.8021
  1786	58.2734
  1787	58.8237
  1788	59.3867
  1789	59.901
  1790	60.321
  1791	60.6207
  1792	60.7956
  1793	60.8578
  1794	60.8292
  1795	60.7321
  1796	60.5832
  1797	60.3888
  1798	60.1471
  1799	59.8518
  1800	59.5029
  1801	59.1152
  1802	58.7231
  1803	58.3821
  1804	58.159
  1805	58.1156
  1806	58.2923
  1807	58.6971
  1808	59.3027
  1809	60.0538
  1810	60.8828
  1811	61.7252
  1812	62.5345
  1813	63.2851
  1814	63.9695
  1815	64.5968
  1816	65.1807
  1817	65.7312
  1818	66.2516
  1819	66.737
  1820	67.173
  1821	67.543
  1822	67.8352
  1823	68.0474
  1824	68.1928
  1825	68.3009
  1826	68.4143
  1827	68.577
  1828	68.8219
  1829	69.1586
  1830	69.5689
  1831	70.0088
  1832	70.4186
  1833	70.7402
  1834	70.9308
  1835	70.9687
  1836	70.8526
  1837	70.594
  1838	70.2067
  1839	69.7003
  1840	69.0772
  1841	68.3351
  1842	67.4741
  1843	66.4969
  1844	65.4153
  1845	64.2586
  1846	63.0732
  1847	61.9194
  1848	60.8655
  1849	59.9783
  1850	59.3129
  1851	58.9055
  1852	58.7708
  1853	58.9026
  1854	59.2786
  1855	59.8674
  1856	60.6346
  1857	61.5467
  1858	62.5716
  1859	63.6788
  1860	64.8405
  1861	66.0276
  1862	67.2097
  1863	68.3508
  1864	69.4109
  1865	70.3477
  1866	71.1202
  1867	71.696
  1868	72.0558
  1869	72.197
  1870	72.1339
  1871	71.893
  1872	71.5057
  1873	71.0022
  1874	70.4063
  1875	69.7358
  1876	69.0022
  1877	68.2113
  1878	67.371
  1879	66.4946
  1880	65.6015
  1881	64.7228
  1882	63.9039
  1883	63.1999
  1884	62.6682
  1885	62.3547
  1886	62.28
  1887	62.4294
  1888	62.754
  1889	63.1805
  1890	63.6314
  1891	64.0436
  1892	64.3819
  1893	64.6397
  1894	64.8301
  1895	64.9727
  1896	65.0788
  1897	65.1418
  1898	65.1384
  1899	65.0361
  1900	64.8048
  1901	64.4284
  1902	63.9139
  1903	63.295
  1904	62.6275
  1905	61.9815
  1906	61.4269
  1907	61.0164
  1908	60.7723
  1909	60.6794
  1910	60.6862
  1911	60.7204
  1912	60.7091
  1913	60.6012
  1914	60.3823
  1915	60.076
  1916	59.7353
  1917	59.4216
  1918	59.1837
  1919	59.0404
  1920	58.9745
  1921	58.9386
  1922	58.875
  1923	58.7364
  1924	58.5077
  1925	58.2158
  1926	57.9278
  1927	57.7329
  1928	57.7179
  1929	57.9442
  1930	58.4346
  1931	59.1692
  1932	60.0937
  1933	61.1314
  1934	62.1947
  1935	63.2018
  1936	64.0855
  1937	64.8021
  1938	65.3331
  1939	65.683
  1940	65.8728
  1941	65.9298
  1942	65.8767
  1943	65.7255
  1944	65.4747
  1945	65.1154
  1946	64.641
  1947	64.0596
  1948	63.4011
  1949	62.7196
  1950	62.0898
  1951	61.5957
  1952	61.3191
  1953	61.329
  1954	61.6691
  1955	62.353
  1956	63.3557
  1957	64.618
  1958	66.0549
  1959	67.5748
  1960	69.103
  1961	70.5963
  1962	72.0432
  1963	73.4592
  1964	74.8699
  1965	76.2904
  1966	77.7128
  1967	79.0996
  1968	80.3961
  1969	81.5414
  1970	82.4811
  1971	83.1831
  1972	83.6449
  1973	83.8941
  1974	83.9787
  1975	83.956
  1976	83.8759
  1977	83.7715
  1978	83.6523
  1979	83.5055
  1980	83.3041
  1981	83.0194
  1982	82.6351
  1983	82.1562
  1984	81.6121
  1985	81.0481
  1986	80.5125
  1987	80.0425
  1988	79.6525
  1989	79.3288
  1990	79.0308
  1991	78.7042
  1992	78.2971
  1993	77.7757
  1994	77.1328
  1995	76.3871
  1996	75.5758
  1997	74.7395
  1998	73.9109
  1999	73.1067
  2000	72.3281
  2001	71.5677
