     1	-56.1505
     2	-57.6385
     3	-59.0481
     4	-60.3191
     5	-61.4244
     6	-62.3716
     7	-63.1979
     8	-63.9508
     9	-64.6672
    10	-65.3593
    11	-66.0076
    12	-66.5673
    13	-66.9832
    14	-67.2069
    15	-67.2146
    16	-67.0165
    17	-66.6551
    18	-66.1929
    19	-65.6926
    20	-65.1995
    21	-64.7313
    22	-64.2794
    23	-63.8165
    24	-63.3096
    25	-62.7328
    26	-62.0755
    27	-61.346
    28	-60.5684
    29	-59.7787
    30	-59.0222
    31	-58.3459
    32	-57.7914
    33	-57.3836
    34	-57.1213
    35	-56.977
    36	-56.9029
    37	-56.8484
    38	-56.7771
    39	-56.6813
    40	-56.5852
    41	-56.5364
    42	-56.5873
    43	-56.7727
    44	-57.0935
    45	-57.5121
    46	-57.9632
    47	-58.3757
    48	-58.6906
    49	-58.8747
    50	-58.9254
    51	-58.8676
    52	-58.7483
    53	-58.6257
    54	-58.5538
    55	-58.5653
    56	-58.6582
    57	-58.7919
    58	-58.8975
    59	-58.895
    60	-58.7192
    61	-58.3391
    62	-57.769
    63	-57.0715
    64	-56.3433
    65	-55.6847
    66	-55.1674
    67	-54.8109
    68	-54.5804
    69	-54.4053
    70	-54.211
    71	-53.9483
    72	-53.6112
    73	-53.2416
    74	-52.9188
    75	-52.7369
    76	-52.7755
    77	-53.0737
    78	-53.6164
    79	-54.3389
    80	-55.1463
    81	-55.9363
    82	-56.6195
    83	-57.1319
    84	-57.4435
    85	-57.5602
    86	-57.5206
    87	-57.3822
    88	-57.2023
    89	-57.0193
    90	-56.8413
    91	-56.6492
    92	-56.4097
    93	-56.0938
    94	-55.6943
    95	-55.2358
    96	-54.7726
    97	-54.3777
    98	-54.122
    99	-54.0551
   100	-54.1933
   101	-54.521
   102	-54.9988
   103	-55.5748
   104	-56.1939
   105	-56.8047
   106	-57.3651
   107	-57.8479
   108	-58.242
   109	-58.5506
   110	-58.7872
   111	-58.9649
   112	-59.0852
   113	-59.1271
   114	-59.0445
   115	-58.7727
   116	-58.2439
   117	-57.4061
   118	-56.2361
   119	-54.7443
   120	-52.9787
   121	-51.0135
   122	-48.9338
   123	-46.8235
   124	-44.7478
   125	-42.7363
   126	-40.7892
   127	-38.8907
   128	-37.0235
   129	-35.1891
   130	-33.4274
   131	-31.8215
   132	-30.4889
   133	-29.5617
   134	-29.1526
   135	-29.3165
   136	-30.0292
   137	-31.1876
   138	-32.6352
   139	-34.2026
   140	-35.7468
   141	-37.175
   142	-38.4506
   143	-39.5826
   144	-40.604
   145	-41.5459
   146	-42.4142
   147	-43.1785
   148	-43.7797
   149	-44.1476
   150	-44.2237
   151	-43.9823
   152	-43.4463
   153	-42.6908
   154	-41.833
   155	-41.0083
   156	-40.3371
   157	-39.8937
   158	-39.6892
   159	-39.6774
   160	-39.7794
   161	-39.9143
   162	-40.0267
   163	-40.0997
   164	-40.1545
   165	-40.2343
   166	-40.3813
   167	-40.6145
   168	-40.9217
   169	-41.2616
   170	-41.5792
   171	-41.8225
   172	-41.9568
   173	-41.9713
   174	-41.8832
   175	-41.7339
   176	-41.5846
   177	-41.5045
   178	-41.5566
   179	-41.7841
   180	-42.2014
   181	-42.7898
   182	-43.5017
   183	-44.2696
   184	-45.0208
   185	-45.695
   186	-46.2586
   187	-46.7113
   188	-47.0838
   189	-47.4237
   190	-47.7764
   191	-48.171
   192	-48.6136
   193	-49.0814
   194	-49.5275
   195	-49.894
   196	-50.1253
   197	-50.1852
   198	-50.069
   199	-49.8063
   200	-49.4564
   201	-49.0956
   202	-48.7992
   203	-48.6234
   204	-48.5896
   205	-48.6802
   206	-48.8459
   207	-49.0257
   208	-49.1682
   209	-49.2495
   210	-49.2813
   211	-49.309
   212	-49.3986
   213	-49.6164
   214	-50.0037
   215	-50.5581
   216	-51.2263
   217	-51.9151
   218	-52.5149
   219	-52.9273
   220	-53.0901
   221	-52.9871
   222	-52.6469
   223	-52.1345
   224	-51.534
   225	-50.9249
   226	-50.362
   227	-49.8621
   228	-49.4057
   229	-48.9512
   230	-48.4553
   231	-47.8959
   232	-47.288
   233	-46.6909
   234	-46.1995
   235	-45.9188
   236	-45.9327
   237	-46.2752
   238	-46.9183
   239	-47.7806
   240	-48.7522
   241	-49.7255
   242	-50.6182
   243	-51.3899
   244	-52.0419
   245	-52.6027
   246	-53.1142
   247	-53.6128
   248	-54.1145
   249	-54.6072
   250	-55.0549
   251	-55.4055
   252	-55.6031
   253	-55.5996
   254	-55.3685
   255	-54.9122
   256	-54.269
   257	-53.5086
   258	-52.7168
   259	-51.972
   260	-51.324
   261	-50.784
   262	-50.3279
   263	-49.9088
   264	-49.4752
   265	-48.992
   266	-48.4514
   267	-47.8775
   268	-47.3176
   269	-46.8286
   270	-46.4656
   271	-46.2674
   272	-46.2493
   273	-46.399
   274	-46.6785
   275	-47.0328
   276	-47.4031
   277	-47.7423
   278	-48.0273
   279	-48.263
   280	-48.4772
   281	-48.7091
   282	-48.9935
   283	-49.345
   284	-49.7474
   285	-50.155
   286	-50.5033
   287	-50.7276
   288	-50.7823
   289	-50.6548
   290	-50.3691
   291	-49.9835
   292	-49.5785
   293	-49.2398
   294	-49.0341
   295	-48.9892
   296	-49.0862
   297	-49.2668
   298	-49.452
   299	-49.5656
   300	-49.5551
   301	-49.4033
   302	-49.1308
   303	-48.7895
   304	-48.4469
   305	-48.1633
   306	-47.9688
   307	-47.8497
   308	-47.7491
   309	-47.5841
   310	-47.2716
   311	-46.7552
   312	-46.0228
   313	-45.1133
   314	-44.1076
   315	-43.1079
   316	-42.209
   317	-41.4664
   318	-40.8808
   319	-40.4014
   320	-39.9455
   321	-39.4271
   322	-38.7797
   323	-37.9728
   324	-37.016
   325	-35.9563
   326	-34.8646
   327	-33.8209
   328	-32.8846
   329	-32.0792
   330	-31.3969
   331	-30.8039
   332	-30.258
   333	-29.7275
   334	-29.2072
   335	-28.7236
   336	-28.3299
   337	-28.0889
   338	-28.0529
   339	-28.2441
   340	-28.6464
   341	-29.2086
   342	-29.8602
   343	-30.5271
   344	-31.1474
   345	-31.6836
   346	-32.1255
   347	-32.4868
   348	-32.8001
   349	-33.1099
   350	-33.4629
   351	-33.9008
   352	-34.4536
   353	-35.1315
   354	-35.921
   355	-36.7879
   356	-37.6841
   357	-38.5607
   358	-39.3833
   359	-40.1418
   360	-40.851
   361	-41.541
   362	-42.2393
   363	-42.9566
   364	-43.6765
   365	-44.3553
   366	-44.9356
   367	-45.3673
   368	-45.6212
   369	-45.6993
   370	-45.6385
   371	-45.5046
   372	-45.3813
   373	-45.3557
   374	-45.4995
   375	-45.8508
   376	-46.4041
   377	-47.1142
   378	-47.911
   379	-48.722
   380	-49.4934
   381	-50.2035
   382	-50.8655
   383	-51.5196
   384	-52.2158
   385	-52.9938
   386	-53.864
   387	-54.7989
   388	-55.7361
   389	-56.5947
   390	-57.2986
   391	-57.7965
   392	-58.0739
   393	-58.1565
   394	-58.1027
   395	-57.9857
   396	-57.8727
   397	-57.807
   398	-57.797
   399	-57.8202
   400	-57.8374
   401	-57.8093
   402	-57.7129
   403	-57.5479
   404	-57.3401
   405	-57.1362
   406	-56.9933
   407	-56.9651
   408	-57.0874
   409	-57.3668
   410	-57.778
   411	-58.2692
   412	-58.775
   413	-59.229
   414	-59.5783
   415	-59.7971
   416	-59.8889
   417	-59.8811
   418	-59.811
   419	-59.7092
   420	-59.5874
   421	-59.4348
   422	-59.2248
   423	-58.9263
   424	-58.5177
   425	-57.9973
   426	-57.3894
   427	-56.7426
   428	-56.1223
   429	-55.5983
   430	-55.2311
   431	-55.0622
   432	-55.1088
   433	-55.3632
   434	-55.7953
   435	-56.3596
   436	-57.004
   437	-57.6805
   438	-58.3514
   439	-58.9928
   440	-59.5935
   441	-60.1498
   442	-60.6553
   443	-61.0973
   444	-61.4515
   445	-61.6817
   446	-61.7488
   447	-61.6221
   448	-61.2911
   449	-60.773
   450	-60.115
   451	-59.3887
   452	-58.6777
   453	-58.0588
   454	-57.5832
   455	-57.2708
   456	-57.1085
   457	-57.0616
   458	-57.0899
   459	-57.1617
   460	-57.2626
   461	-57.3948
   462	-57.573
   463	-57.8111
   464	-58.1143
   465	-58.4694
   466	-58.8437
   467	-59.1897
   468	-59.4555
   469	-59.5944
   470	-59.5724
   471	-59.3747
   472	-59.0115
   473	-58.5183
   474	-57.9517
   475	-57.3776
   476	-56.8526
   477	-56.4041
   478	-56.021
   479	-55.6578
   480	-55.2527
   481	-54.7514
   482	-54.1269
   483	-53.3912
   484	-52.5927
   485	-51.8008
   486	-51.0856
   487	-50.4973
   488	-50.0526
   489	-49.7367
   490	-49.516
   491	-49.3525
   492	-49.2143
   493	-49.0801
   494	-48.9408
   495	-48.8011
   496	-48.6804
   497	-48.6099
   498	-48.6227
   499	-48.739
   500	-48.9536
   501	-49.2329
   502	-49.5224
   503	-49.7643
   504	-49.9141
   505	-49.9543
   506	-49.8971
   507	-49.7772
   508	-49.6365
   509	-49.509
   510	-49.4124
   511	-49.3484
   512	-49.3105
   513	-49.2931
   514	-49.2971
   515	-49.3294
   516	-49.3989
   517	-49.5118
   518	-49.6706
   519	-49.8759
   520	-50.1314
   521	-50.4449
   522	-50.8259
   523	-51.2778
   524	-51.791
   525	-52.3402
   526	-52.8889
   527	-53.4
   528	-53.8466
   529	-54.2189
   530	-54.526
   531	-54.7896
   532	-55.0329
   533	-55.2685
   534	-55.4911
   535	-55.6757
   536	-55.7852
   537	-55.7833
   538	-55.6468
   539	-55.3737
   540	-54.9847
   541	-54.521
   542	-54.0377
   543	-53.5949
   544	-53.2466
   545	-53.0315
   546	-52.9648
   547	-53.0361
   548	-53.2169
   549	-53.4722
   550	-53.775
   551	-54.1177
   552	-54.5177
   553	-55.0128
   554	-55.6465
   555	-56.4482
   556	-57.4121
   557	-58.487
   558	-59.5854
   559	-60.6042
   560	-61.4458
   561	-62.0401
   562	-62.3553
   563	-62.3967
   564	-62.2017
   565	-61.8319
   566	-61.3567
   567	-60.839
   568	-60.3221
   569	-59.824
   570	-59.3405
   571	-58.8539
   572	-58.3462
   573	-57.8089
   574	-57.2502
   575	-56.6988
   576	-56.1967
   577	-55.7845
   578	-55.4866
   579	-55.2967
   580	-55.174
   581	-55.0537
   582	-54.864
   583	-54.5453
   584	-54.0643
   585	-53.4193
   586	-52.6381
   587	-51.7697
   588	-50.8743
   589	-50.0126
   590	-49.2379
   591	-48.5922
   592	-48.1051
   593	-47.7963
   594	-47.6754
   595	-47.745
   596	-48.0014
   597	-48.4395
   598	-49.0534
   599	-49.8374
   600	-50.7854
   601	-51.8869
   602	-53.1193
   603	-54.4453
   604	-55.8117
   605	-57.1482
   606	-58.3785
   607	-59.4307
   608	-60.2503
   609	-60.8074
   610	-61.0971
   611	-61.1399
   612	-60.9761
   613	-60.6578
   614	-60.2382
   615	-59.7619
   616	-59.257
   617	-58.7369
   618	-58.2017
   619	-57.6472
   620	-57.0772
   621	-56.5085
   622	-55.9727
   623	-55.5126
   624	-55.1714
   625	-54.9812
   626	-54.9507
   627	-55.0624
   628	-55.2775
   629	-55.5506
   630	-55.842
   631	-56.1266
   632	-56.3944
   633	-56.6443
   634	-56.8743
   635	-57.0774
   636	-57.2397
   637	-57.3454
   638	-57.3803
   639	-57.3353
   640	-57.2087
   641	-57.0079
   642	-56.7494
   643	-56.4586
   644	-56.1659
   645	-55.9008
   646	-55.6847
   647	-55.5255
   648	-55.4177
   649	-55.3459
   650	-55.2942
   651	-55.2548
   652	-55.2333
   653	-55.2469
   654	-55.3177
   655	-55.4606
   656	-55.6742
   657	-55.9371
   658	-56.2127
   659	-56.4582
   660	-56.6365
   661	-56.7252
   662	-56.7201
   663	-56.6351
   664	-56.4956
   665	-56.3331
   666	-56.1758
   667	-56.043
   668	-55.9405
   669	-55.86
   670	-55.7818
   671	-55.6811
   672	-55.5356
   673	-55.33
   674	-55.0603
   675	-54.7348
   676	-54.3705
   677	-53.9865
   678	-53.5934
   679	-53.1883
   680	-52.7571
   681	-52.2835
   682	-51.7609
   683	-51.2042
   684	-50.652
   685	-50.1586
   686	-49.7818
   687	-49.568
   688	-49.5423
   689	-49.7071
   690	-50.0463
   691	-50.5338
   692	-51.1408
   693	-51.8393
   694	-52.6006
   695	-53.3957
   696	-54.1964
   697	-54.9788
   698	-55.7278
   699	-56.4361
   700	-57.0986
   701	-57.7073
   702	-58.2469
   703	-58.695
   704	-59.0266
   705	-59.2252
   706	-59.2891
   707	-59.2331
   708	-59.0836
   709	-58.8695
   710	-58.6135
   711	-58.3283
   712	-58.0157
   713	-57.6704
   714	-57.2815
   715	-56.835
   716	-56.3163
   717	-55.7136
   718	-55.0201
   719	-54.2378
   720	-53.3818
   721	-52.4804
   722	-51.5727
   723	-50.702
   724	-49.9074
   725	-49.2178
   726	-48.6467
   727	-48.1936
   728	-47.8504
   729	-47.609
   730	-47.4669
   731	-47.4285
   732	-47.5022
   733	-47.6917
   734	-47.9879
   735	-48.3641
   736	-48.7775
   737	-49.1767
   738	-49.5096
   739	-49.7329
   740	-49.8187
   741	-49.7554
   742	-49.5442
   743	-49.196
   744	-48.7289
   745	-48.1627
   746	-47.5166
   747	-46.8062
   748	-46.036
   749	-45.199
   750	-44.2849
   751	-43.2908
   752	-42.2348
   753	-41.1584
   754	-40.1199
   755	-39.1787
   756	-38.3712
   757	-37.6974
   758	-37.1208
   759	-36.5868
   760	-36.0479
   761	-35.4846
   762	-34.9147
   763	-34.3895
   764	-33.9762
   765	-33.7345
   766	-33.6982
   767	-33.8681
   768	-34.2167
   769	-34.7013
   770	-35.2786
   771	-35.912
   772	-36.5736
   773	-37.2412
   774	-37.8966
   775	-38.5249
   776	-39.1147
   777	-39.6565
   778	-40.1388
   779	-40.5431
   780	-40.8452
   781	-41.0165
   782	-41.0315
   783	-40.8755
   784	-40.5515
   785	-40.0831
   786	-39.5114
   787	-38.8839
   788	-38.2461
   789	-37.6319
   790	-37.061
   791	-36.5457
   792	-36.1
   793	-35.7442
   794	-35.5036
   795	-35.3988
   796	-35.4358
   797	-35.6035
   798	-35.8793
   799	-36.2432
   800	-36.6912
   801	-37.2366
   802	-37.9035
   803	-38.7094
   804	-39.6507
   805	-40.6966
   806	-41.7969
   807	-42.9018
   808	-43.976
   809	-45.0096
   810	-46.0201
   811	-47.0364
   812	-48.0806
   813	-49.1508
   814	-50.2146
   815	-51.214
   816	-52.0799
   817	-52.7494
   818	-53.1782
   819	-53.3458
   820	-53.2552
   821	-52.9326
   822	-52.4286
   823	-51.8153
   824	-51.1772
   825	-50.5973
   826	-50.14
   827	-49.8398
   828	-49.6994
   829	-49.7033
   830	-49.8351
   831	-50.0958
   832	-50.5112
   833	-51.1289
   834	-51.9981
   835	-53.1448
   836	-54.5481
   837	-56.1349
   838	-57.7939
   839	-59.4018
   840	-60.848
   841	-62.05
   842	-62.9589
   843	-63.5537
   844	-63.8374
   845	-63.838
   846	-63.6044
   847	-63.1983
   848	-62.6828
   849	-62.1093
   850	-61.5106
   851	-60.9009
   852	-60.2819
   853	-59.6545
   854	-59.029
   855	-58.4305
   856	-57.8956
   857	-57.4627
   858	-57.1575
   859	-56.9855
   860	-56.9337
   861	-56.9795
   862	-57.1021
   863	-57.2905
   864	-57.5445
   865	-57.8712
   866	-58.2786
   867	-58.7731
   868	-59.3583
   869	-60.0369
   870	-60.8118
   871	-61.6833
   872	-62.6432
   873	-63.6669
   874	-64.7081
   875	-65.7034
   876	-66.5823
   877	-67.2792
   878	-67.7506
   879	-67.9801
   880	-67.9714
   881	-67.7427
   882	-67.3154
   883	-66.708
   884	-65.934
   885	-65.0018
   886	-63.9213
   887	-62.7142
   888	-61.416
   889	-60.0789
   890	-58.7763
   891	-57.594
   892	-56.6172
   893	-55.9204
   894	-55.5543
   895	-55.5321
   896	-55.8288
   897	-56.3893
   898	-57.1417
   899	-58.0148
   900	-58.9574
   901	-59.9442
   902	-60.9724
   903	-62.0547
   904	-63.2038
   905	-64.4157
   906	-65.6655
   907	-66.913
   908	-68.1141
   909	-69.2325
   910	-70.246
   911	-71.1481
   912	-71.9454
   913	-72.6508
   914	-73.2767
   915	-73.8301
   916	-74.3063
   917	-74.6867
   918	-74.9363
   919	-75.0067
   920	-74.8446
   921	-74.4012
   922	-73.6428
   923	-72.5594
   924	-71.1701
   925	-69.5253
   926	-67.6989
   927	-65.7789
   928	-63.851
   929	-61.992
   930	-60.2679
   931	-58.7365
   932	-57.4491
   933	-56.4551
   934	-55.8019
   935	-55.529
   936	-55.6599
   937	-56.1956
   938	-57.1084
   939	-58.3395
   940	-59.8019
   941	-61.3871
   942	-62.977
   943	-64.4621
   944	-65.7536
   945	-66.7885
   946	-67.5322
   947	-67.9738
   948	-68.119
   949	-67.9805
   950	-67.5716
   951	-66.9017
   952	-65.9762
   953	-64.801
   954	-63.3894
   955	-61.7701
   956	-59.9883
   957	-58.1037
   958	-56.1836
   959	-54.2952
   960	-52.5039
   961	-50.8686
   962	-49.4372
   963	-48.2325
   964	-47.245
   965	-46.4368
   966	-45.7491
   967	-45.1205
   968	-44.5019
   969	-43.8692
   970	-43.2246
   971	-42.5876
   972	-41.9815
   973	-41.4175
   974	-40.8877
   975	-40.3657
   976	-39.8166
   977	-39.2108
   978	-38.5379
   979	-37.8121
   980	-37.0708
   981	-36.365
   982	-35.7465
   983	-35.257
   984	-34.9186
   985	-34.7335
   986	-34.6865
   987	-34.7521
   988	-34.9029
   989	-35.1171
   990	-35.3812
   991	-35.6897
   992	-36.0399
   993	-36.4237
   994	-36.8199
   995	-37.1897
   996	-37.4791
   997	-37.6291
   998	-37.5872
   999	-37.3226
  1000	-36.8379
  1001	-36.174
  1002	-35.4056
  1003	-34.6268
  1004	-33.9304
  1005	-33.3843
  1006	-33.0203
  1007	-32.8362
  1008	-32.8111
  1009	-32.9242
  1010	-33.1686
  1011	-33.5526
  1012	-34.0923
  1013	-34.7945
  1014	-35.6454
  1015	-36.6085
  1016	-37.6297
  1017	-38.647
  1018	-39.6028
  1019	-40.4487
  1020	-41.1454
  1021	-41.6642
  1022	-41.9869
  1023	-42.1089
  1024	-42.0376
  1025	-41.7899
  1026	-41.3852
  1027	-40.8391
  1028	-40.1571
  1029	-39.3357
  1030	-38.3717
  1031	-37.274
  1032	-36.0731
  1033	-34.8298
  1034	-33.6282
  1035	-32.5541
  1036	-31.6777
  1037	-31.0413
  1038	-30.6565
  1039	-30.5112
  1040	-30.5797
  1041	-30.8325
  1042	-31.2425
  1043	-31.7873
  1044	-32.4483
  1045	-33.2092
  1046	-34.0532
  1047	-34.9606
  1048	-35.9044
  1049	-36.8475
  1050	-37.7397
  1051	-38.5206
  1052	-39.1257
  1053	-39.4972
  1054	-39.5967
  1055	-39.4129
  1056	-38.9644
  1057	-38.2949
  1058	-37.4604
  1059	-36.5179
  1060	-35.5161
  1061	-34.4904
  1062	-33.4634
  1063	-32.4509
  1064	-31.4697
  1065	-30.5444
  1066	-29.7121
  1067	-29.0238
  1068	-28.5398
  1069	-28.3197
  1070	-28.414
  1071	-28.8475
  1072	-29.6079
  1073	-30.6404
  1074	-31.8562
  1075	-33.1484
  1076	-34.416
  1077	-35.5821
  1078	-36.6097
  1079	-37.5007
  1080	-38.2841
  1081	-39.0021
  1082	-39.6946
  1083	-40.382
  1084	-41.059
  1085	-41.6959
  1086	-42.245
  1087	-42.6534
  1088	-42.8745
  1089	-42.8794
  1090	-42.6628
  1091	-42.2448
  1092	-41.6651
  1093	-40.9733
  1094	-40.2158
  1095	-39.4203
  1096	-38.5925
  1097	-37.7193
  1098	-36.7838
  1099	-35.7821
  1100	-34.7394
  1101	-33.7171
  1102	-32.8077
  1103	-32.1215
  1104	-31.7642
  1105	-31.8105
  1106	-32.2895
  1107	-33.1798
  1108	-34.4157
  1109	-35.9018
  1110	-37.5342
  1111	-39.2171
  1112	-40.8711
  1113	-42.4452
  1114	-43.9153
  1115	-45.2719
  1116	-46.5123
  1117	-47.6275
  1118	-48.594
  1119	-49.3726
  1120	-49.9105
  1121	-50.1529
  1122	-50.0571
  1123	-49.6047
  1124	-48.81
  1125	-47.7207
  1126	-46.4083
  1127	-44.9521
  1128	-43.4241
  1129	-41.8785
  1130	-40.3452
  1131	-38.8334
  1132	-37.3458
  1133	-35.8836
  1134	-34.4566
  1135	-33.0983
  1136	-31.8605
  1137	-30.8084
  1138	-30.01
  1139	-29.5235
  1140	-29.383
  1141	-29.5902
  1142	-30.1147
  1143	-30.8991
  1144	-31.8748
  1145	-32.9769
  1146	-34.158
  1147	-35.3953
  1148	-36.6863
  1149	-38.0388
  1150	-39.4585
  1151	-40.9339
  1152	-42.4281
  1153	-43.8814
  1154	-45.221
  1155	-46.3726
  1156	-47.2736
  1157	-47.8843
  1158	-48.1956
  1159	-48.2288
  1160	-48.0287
  1161	-47.6534
  1162	-47.1608
  1163	-46.5944
  1164	-45.9725
  1165	-45.2905
  1166	-44.5255
  1167	-43.6527
  1168	-42.656
  1169	-41.5415
  1170	-40.3465
  1171	-39.133
  1172	-37.9752
  1173	-36.9392
  1174	-36.0648
  1175	-35.3569
  1176	-34.7849
  1177	-34.2931
  1178	-33.8181
  1179	-33.3072
  1180	-32.7337
  1181	-32.1043
  1182	-31.4578
  1183	-30.8581
  1184	-30.3776
  1185	-30.0767
  1186	-29.9882
  1187	-30.1086
  1188	-30.4002
  1189	-30.8006
  1190	-31.2389
  1191	-31.6508
  1192	-31.9936
  1193	-32.251
  1194	-32.4324
  1195	-32.5626
  1196	-32.6675
  1197	-32.7585
  1198	-32.8236
  1199	-32.8278
  1200	-32.7223
  1201	-32.4593
  1202	-32.0091
  1203	-31.3698
  1204	-30.573
  1205	-29.6806
  1206	-28.7735
  1207	-27.9358
  1208	-27.2352
  1209	-26.7118
  1210	-26.375
  1211	-26.2071
  1212	-26.175
  1213	-26.2455
  1214	-26.3992
  1215	-26.6392
  1216	-26.9924
  1217	-27.5027
  1218	-28.2138
  1219	-29.1501
  1220	-30.2995
  1221	-31.6067
  1222	-32.9778
  1223	-34.3035
  1224	-35.4845
  1225	-36.4472
  1226	-37.1574
  1227	-37.62
  1228	-37.8705
  1229	-37.9605
  1230	-37.9401
  1231	-37.8455
  1232	-37.6922
  1233	-37.4779
  1234	-37.1903
  1235	-36.8203
  1236	-36.3733
  1237	-35.878
  1238	-35.3908
  1239	-34.9907
  1240	-34.7635
  1241	-34.7838
  1242	-35.0964
  1243	-35.7019
  1244	-36.5556
  1245	-37.5791
  1246	-38.681
  1247	-39.7783
  1248	-40.8138
  1249	-41.7643
  1250	-42.6373
  1251	-43.4599
  1252	-44.2654
  1253	-45.0723
  1254	-45.8748
  1255	-46.6432
  1256	-47.3277
  1257	-47.8704
  1258	-48.2199
  1259	-48.3445
  1260	-48.2402
  1261	-47.9345
  1262	-47.4821
  1263	-46.9535
  1264	-46.4187
  1265	-45.9299
  1266	-45.51
  1267	-45.1478
  1268	-44.8086
  1269	-44.4478
  1270	-44.0274
  1271	-43.5321
  1272	-42.9764
  1273	-42.4051
  1274	-41.8826
  1275	-41.4737
  1276	-41.2257
  1277	-41.1565
  1278	-41.2507
  1279	-41.4657
  1280	-41.7444
  1281	-42.0307
  1282	-42.282
  1283	-42.4786
  1284	-42.6262
  1285	-42.7514
  1286	-42.8928
  1287	-43.0871
  1288	-43.3574
  1289	-43.7043
  1290	-44.1054
  1291	-44.5209
  1292	-44.9069
  1293	-45.2286
  1294	-45.4717
  1295	-45.647
  1296	-45.7886
  1297	-45.9443
  1298	-46.1632
  1299	-46.4825
  1300	-46.9161
  1301	-47.4521
  1302	-48.057
  1303	-48.6829
  1304	-49.2796
  1305	-49.8065
  1306	-50.2388
  1307	-50.5691
  1308	-50.8044
  1309	-50.9596
  1310	-51.0475
  1311	-51.0732
  1312	-51.0311
  1313	-50.9075
  1314	-50.6896
  1315	-50.3741
  1316	-49.9758
  1317	-49.5317
  1318	-49.0985
  1319	-48.7444
  1320	-48.5372
  1321	-48.5309
  1322	-48.7546
  1323	-49.2074
  1324	-49.8591
  1325	-50.6596
  1326	-51.5483
  1327	-52.4661
  1328	-53.3646
  1329	-54.2101
  1330	-54.9799
  1331	-55.6577
  1332	-56.2264
  1333	-56.6622
  1334	-56.9341
  1335	-57.0088
  1336	-56.8576
  1337	-56.4653
  1338	-55.8388
  1339	-55.0129
  1340	-54.0478
  1341	-53.0241
  1342	-52.0303
  1343	-51.1463
  1344	-50.4285
  1345	-49.9011
  1346	-49.554
  1347	-49.3493
  1348	-49.2351
  1349	-49.1615
  1350	-49.0927
  1351	-49.0174
  1352	-48.9483
  1353	-48.9173
  1354	-48.9622
  1355	-49.1113
  1356	-49.3716
  1357	-49.7228
  1358	-50.1206
  1359	-50.5062
  1360	-50.8245
  1361	-51.0373
  1362	-51.1323
  1363	-51.1252
  1364	-51.054
  1365	-50.9669
  1366	-50.9082
  1367	-50.9052
  1368	-50.9593
  1369	-51.0462
  1370	-51.1236
  1371	-51.1449
  1372	-51.073
  1373	-50.8924
  1374	-50.6132
  1375	-50.2685
  1376	-49.9037
  1377	-49.5637
  1378	-49.2813
  1379	-49.068
  1380	-48.9111
  1381	-48.7785
  1382	-48.6287
  1383	-48.4226
  1384	-48.1347
  1385	-47.7575
  1386	-47.3038
  1387	-46.8004
  1388	-46.2785
  1389	-45.7608
  1390	-45.2532
  1391	-44.7389
  1392	-44.1828
  1393	-43.5402
  1394	-42.7709
  1395	-41.8585
  1396	-40.8193
  1397	-39.7078
  1398	-38.6082
  1399	-37.6188
  1400	-36.8271
  1401	-36.2902
  1402	-36.0234
  1403	-36.0012
  1404	-36.1692
  1405	-36.4627
  1406	-36.8236
  1407	-37.2116
  1408	-37.6103
  1409	-38.0236
  1410	-38.4635
  1411	-38.9372
  1412	-39.4304
  1413	-39.901
  1414	-40.2791
  1415	-40.4775
  1416	-40.411
  1417	-40.0176
  1418	-39.2798
  1419	-38.2343
  1420	-36.9726
  1421	-35.6263
  1422	-34.341
  1423	-33.2466
  1424	-32.4312
  1425	-31.9301
  1426	-31.7305
  1427	-31.7882
  1428	-32.0491
  1429	-32.4676
  1430	-33.0189
  1431	-33.7003
  1432	-34.5247
  1433	-35.5059
  1434	-36.6424
  1435	-37.9018
  1436	-39.2163
  1437	-40.4875
  1438	-41.6031
  1439	-42.4563
  1440	-42.9635
  1441	-43.0801
  1442	-42.8094
  1443	-42.2059
  1444	-41.3673
  1445	-40.4133
  1446	-39.4577
  1447	-38.5819
  1448	-37.8167
  1449	-37.1465
  1450	-36.5292
  1451	-35.9218
  1452	-35.3055
  1453	-34.6997
  1454	-34.165
  1455	-33.7953
  1456	-33.6949
  1457	-33.9512
  1458	-34.6084
  1459	-35.6515
  1460	-37.0071
  1461	-38.5614
  1462	-40.1904
  1463	-41.7852
  1464	-43.2728
  1465	-44.6217
  1466	-45.8344
  1467	-46.9348
  1468	-47.9495
  1469	-48.8955
  1470	-49.7772
  1471	-50.5794
  1472	-51.2709
  1473	-51.809
  1474	-52.151
  1475	-52.268
  1476	-52.1583
  1477	-51.8542
  1478	-51.4208
  1479	-50.9397
  1480	-50.489
  1481	-50.1205
  1482	-49.8459
  1483	-49.6365
  1484	-49.4382
  1485	-49.1915
  1486	-48.8547
  1487	-48.4193
  1488	-47.9141
  1489	-47.3985
  1490	-46.9468
  1491	-46.6278
  1492	-46.4873
  1493	-46.5375
  1494	-46.757
  1495	-47.1006
  1496	-47.5136
  1497	-47.9461
  1498	-48.3657
  1499	-48.7656
  1500	-49.166
  1501	-49.61
  1502	-50.1496
  1503	-50.8308
  1504	-51.6753
  1505	-52.6702
  1506	-53.7671
  1507	-54.8931
  1508	-55.9697
  1509	-56.9323
  1510	-57.7439
  1511	-58.4013
  1512	-58.9299
  1513	-59.3721
  1514	-59.7702
  1515	-60.1526
  1516	-60.5232
  1517	-60.8581
  1518	-61.1125
  1519	-61.231
  1520	-61.1644
  1521	-60.8835
  1522	-60.3923
  1523	-59.7319
  1524	-58.9778
  1525	-58.2264
  1526	-57.5748
  1527	-57.0988
  1528	-56.8376
  1529	-56.7903
  1530	-56.9232
  1531	-57.1874
  1532	-57.5372
  1533	-57.9466
  1534	-58.4158
  1535	-58.9673
  1536	-59.6342
  1537	-60.4441
  1538	-61.406
  1539	-62.5012
  1540	-63.679
  1541	-64.8669
  1542	-65.9821
  1543	-66.9507
  1544	-67.7213
  1545	-68.2701
  1546	-68.6022
  1547	-68.7458
  1548	-68.7417
  1549	-68.629
  1550	-68.4324
  1551	-68.1557
  1552	-67.7843
  1553	-67.2926
  1554	-66.6559
  1555	-65.8651
  1556	-64.9345
  1557	-63.9092
  1558	-62.8589
  1559	-61.8686
  1560	-61.0268
  1561	-60.404
  1562	-60.036
  1563	-59.9158
  1564	-59.9996
  1565	-60.2206
  1566	-60.5116
  1567	-60.8239
  1568	-61.1398
  1569	-61.4732
  1570	-61.8602
  1571	-62.3415
  1572	-62.9457
  1573	-63.6735
  1574	-64.4918
  1575	-65.3435
  1576	-66.1582
  1577	-66.8686
  1578	-67.4209
  1579	-67.7826
  1580	-67.9445
  1581	-67.9156
  1582	-67.715
  1583	-67.3609
  1584	-66.8606
  1585	-66.2051
  1586	-65.3683
  1587	-64.3135
  1588	-63.0093
  1589	-61.4449
  1590	-59.6387
  1591	-57.6487
  1592	-55.5613
  1593	-53.4842
  1594	-51.528
  1595	-49.7798
  1596	-48.2943
  1597	-47.0872
  1598	-46.1444
  1599	-45.4322
  1600	-44.9054
  1601	-44.5225
  1602	-44.2556
  1603	-44.0949
  1604	-44.0469
  1605	-44.1284
  1606	-44.3551
  1607	-44.7292
  1608	-45.2308
  1609	-45.8158
  1610	-46.4213
  1611	-46.9786
  1612	-47.43
  1613	-47.741
  1614	-47.9071
  1615	-47.9527
  1616	-47.9209
  1617	-47.8594
  1618	-47.8085
  1619	-47.7909
  1620	-47.8097
  1621	-47.8514
  1622	-47.8955
  1623	-47.9243
  1624	-47.9311
  1625	-47.9247
  1626	-47.9275
  1627	-47.97
  1628	-48.0817
  1629	-48.2814
  1630	-48.5711
  1631	-48.9333
  1632	-49.3356
  1633	-49.7379
  1634	-50.1043
  1635	-50.4112
  1636	-50.6541
  1637	-50.8505
  1638	-51.0347
  1639	-51.2499
  1640	-51.5388
  1641	-51.9332
  1642	-52.4469
  1643	-53.075
  1644	-53.796
  1645	-54.5797
  1646	-55.3948
  1647	-56.2143
  1648	-57.019
  1649	-57.7956
  1650	-58.533
  1651	-59.22
  1652	-59.8429
  1653	-60.386
  1654	-60.8344
  1655	-61.1773
  1656	-61.411
  1657	-61.5403
  1658	-61.5801
  1659	-61.555
  1660	-61.4961
  1661	-61.437
  1662	-61.4098
  1663	-61.4398
  1664	-61.5429
  1665	-61.724
  1666	-61.9765
  1667	-62.2835
  1668	-62.6201
  1669	-62.9581
  1670	-63.2689
  1671	-63.5284
  1672	-63.7186
  1673	-63.8287
  1674	-63.8538
  1675	-63.7949
  1676	-63.6567
  1677	-63.4469
  1678	-63.1757
  1679	-62.8561
  1680	-62.506
  1681	-62.1489
  1682	-61.8115
  1683	-61.5233
  1684	-61.3116
  1685	-61.1958
  1686	-61.1834
  1687	-61.2672
  1688	-61.4265
  1689	-61.6314
  1690	-61.8486
  1691	-62.0473
  1692	-62.2014
  1693	-62.2898
  1694	-62.2956
  1695	-62.2045
  1696	-62.006
  1697	-61.6958
  1698	-61.2777
  1699	-60.7662
  1700	-60.185
  1701	-59.5658
  1702	-58.9475
  1703	-58.3737
  1704	-57.8903
  1705	-57.5415
  1706	-57.3628
  1707	-57.3737
  1708	-57.572
  1709	-57.9314
  1710	-58.4055
  1711	-58.9377
  1712	-59.4732
  1713	-59.9693
  1714	-60.4002
  1715	-60.7582
  1716	-61.0459
  1717	-61.2678
  1718	-61.4226
  1719	-61.5009
  1720	-61.4875
  1721	-61.3695
  1722	-61.1427
  1723	-60.8189
  1724	-60.426
  1725	-60.0049
  1726	-59.602
  1727	-59.2612
  1728	-59.0164
  1729	-58.8861
  1730	-58.8709
  1731	-58.9553
  1732	-59.1128
  1733	-59.3113
  1734	-59.5208
  1735	-59.7193
  1736	-59.8976
  1737	-60.0601
  1738	-60.2205
  1739	-60.3933
  1740	-60.5858
  1741	-60.7901
  1742	-60.9821
  1743	-61.1285
  1744	-61.1955
  1745	-61.1588
  1746	-61.0096
  1747	-60.7557
  1748	-60.4176
  1749	-60.0224
  1750	-59.5961
  1751	-59.1598
  1752	-58.728
  1753	-58.309
  1754	-57.9076
  1755	-57.5281
  1756	-57.1762
  1757	-56.8618
  1758	-56.6001
  1759	-56.4112
  1760	-56.3209
  1761	-56.3573
  1762	-56.5446
  1763	-56.8985
  1764	-57.4189
  1765	-58.0891
  1766	-58.8743
  1767	-59.7279
  1768	-60.5953
  1769	-61.4224
  1770	-62.1655
  1771	-62.7926
  1772	-63.282
  1773	-63.6237
  1774	-63.8166
  1775	-63.8631
  1776	-63.769
  1777	-63.5418
  1778	-63.1893
  1779	-62.7229
  1780	-62.1578
  1781	-61.5186
  1782	-60.8417
  1783	-60.1712
  1784	-59.555
  1785	-59.0402
  1786	-58.6644
  1787	-58.4493
  1788	-58.3996
  1789	-58.505
  1790	-58.7469
  1791	-59.1048
  1792	-59.5599
  1793	-60.0978
  1794	-60.7067
  1795	-61.3749
  1796	-62.0864
  1797	-62.8187
  1798	-63.5437
  1799	-64.2307
  1800	-64.8503
  1801	-65.3796
  1802	-65.8077
  1803	-66.1336
  1804	-66.365
  1805	-66.5159
  1806	-66.599
  1807	-66.6201
  1808	-66.5751
  1809	-66.4494
  1810	-66.2219
  1811	-65.8696
  1812	-65.3738
  1813	-64.7287
  1814	-63.9469
  1815	-63.0592
  1816	-62.1115
  1817	-61.1594
  1818	-60.2509
  1819	-59.4173
  1820	-58.6738
  1821	-58.0195
  1822	-57.4456
  1823	-56.9482
  1824	-56.5357
  1825	-56.2255
  1826	-56.0406
  1827	-56.0028
  1828	-56.1229
  1829	-56.3963
  1830	-56.801
  1831	-57.2999
  1832	-57.8439
  1833	-58.3794
  1834	-58.8528
  1835	-59.2144
  1836	-59.4271
  1837	-59.4713
  1838	-59.3472
  1839	-59.0706
  1840	-58.6625
  1841	-58.1427
  1842	-57.5247
  1843	-56.8113
  1844	-55.9969
  1845	-55.0757
  1846	-54.0445
  1847	-52.907
  1848	-51.676
  1849	-50.3739
  1850	-49.0304
  1851	-47.6786
  1852	-46.3549
  1853	-45.0874
  1854	-43.8942
  1855	-42.7883
  1856	-41.7751
  1857	-40.8515
  1858	-40.0091
  1859	-39.2381
  1860	-38.5316
  1861	-37.8912
  1862	-37.3305
  1863	-36.8727
  1864	-36.5455
  1865	-36.3701
  1866	-36.3528
  1867	-36.4774
  1868	-36.7073
  1869	-36.9959
  1870	-37.2983
  1871	-37.5825
  1872	-37.8345
  1873	-38.0553
  1874	-38.2527
  1875	-38.4323
  1876	-38.5904
  1877	-38.7128
  1878	-38.7753
  1879	-38.7475
  1880	-38.598
  1881	-38.2996
  1882	-37.8343
  1883	-37.1986
  1884	-36.4054
  1885	-35.4844
  1886	-34.4743
  1887	-33.4132
  1888	-32.3323
  1889	-31.2528
  1890	-30.1853
  1891	-29.1411
  1892	-28.1401
  1893	-27.2221
  1894	-26.4478
  1895	-25.8857
  1896	-25.6007
  1897	-25.6388
  1898	-26.0161
  1899	-26.7185
  1900	-27.7059
  1901	-28.9229
  1902	-30.3069
  1903	-31.7961
  1904	-33.3337
  1905	-34.8692
  1906	-36.3566
  1907	-37.7532
  1908	-39.0157
  1909	-40.1015
  1910	-40.972
  1911	-41.5958
  1912	-41.9506
  1913	-42.0218
  1914	-41.8051
  1915	-41.3115
  1916	-40.5708
  1917	-39.6334
  1918	-38.5692
  1919	-37.4581
  1920	-36.3751
  1921	-35.3802
  1922	-34.5116
  1923	-33.7861
  1924	-33.2061
  1925	-32.7692
  1926	-32.4748
  1927	-32.3259
  1928	-32.3281
  1929	-32.4846
  1930	-32.7926
  1931	-33.2421
  1932	-33.8159
  1933	-34.4898
  1934	-35.2325
  1935	-36.0062
  1936	-36.7688
  1937	-37.4789
  1938	-38.1047
  1939	-38.6315
  1940	-39.0637
  1941	-39.4225
  1942	-39.7373
  1943	-40.0328
  1944	-40.3184
  1945	-40.5788
  1946	-40.776
  1947	-40.858
  1948	-40.7716
  1949	-40.4774
  1950	-39.9598
  1951	-39.2311
  1952	-38.3308
  1953	-37.3159
  1954	-36.2492
  1955	-35.1857
  1956	-34.1628
  1957	-33.1963
  1958	-32.2863
  1959	-31.428
  1960	-30.6208
  1961	-29.8783
  1962	-29.2329
  1963	-28.7302
  1964	-28.4198
  1965	-28.3443
  1966	-28.5238
  1967	-28.9447
  1968	-29.558
  1969	-30.2852
  1970	-31.0307
  1971	-31.7015
  1972	-32.2248
  1973	-32.5587
  1974	-32.696
  1975	-32.6609
  1976	-32.497
  1977	-32.2518
  1978	-31.9629
  1979	-31.6502
  1980	-31.3159
  1981	-30.9513
  1982	-30.5465
  1983	-30.0998
  1984	-29.6232
  1985	-29.1412
  1986	-28.6855
  1987	-28.2877
  1988	-27.9703
  1989	-27.7408
  1990	-27.5872
  1991	-27.4809
  1992	-27.3827
  1993	-27.2498
  1994	-27.0454
  1995	-26.7457
  1996	-26.3435
  1997	-25.8502
  1998	-25.2925
  1999	-24.7088
  2000	-24.1424
  2001	-23.6333
