     1	125.533
     2	126.334
     3	127.061
     4	127.721
     5	128.341
     6	128.948
     7	129.559
     8	130.171
     9	130.757
    10	131.28
    11	131.703
    12	131.997
    13	132.151
    14	132.174
    15	132.09
    16	131.934
    17	131.739
    18	131.535
    19	131.342
    20	131.171
    21	131.028
    22	130.916
    23	130.84
    24	130.803
    25	130.804
    26	130.836
    27	130.883
    28	130.923
    29	130.934
    30	130.906
    31	130.843
    32	130.76
    33	130.68
    34	130.62
    35	130.583
    36	130.556
    37	130.514
    38	130.427
    39	130.273
    40	130.051
    41	129.787
    42	129.526
    43	129.325
    44	129.228
    45	129.259
    46	129.411
    47	129.643
    48	129.9
    49	130.124
    50	130.276
    51	130.35
    52	130.378
    53	130.415
    54	130.525
    55	130.752
    56	131.104
    57	131.543
    58	132.001
    59	132.392
    60	132.647
    61	132.735
    62	132.668
    63	132.5
    64	132.308
    65	132.164
    66	132.11
    67	132.146
    68	132.231
    69	132.301
    70	132.295
    71	132.176
    72	131.947
    73	131.651
    74	131.363
    75	131.163
    76	131.118
    77	131.259
    78	131.572
    79	132.005
    80	132.485
    81	132.942
    82	133.33
    83	133.635
    84	133.879
    85	134.1
    86	134.341
    87	134.632
    88	134.974
    89	135.347
    90	135.713
    91	136.033
    92	136.278
    93	136.443
    94	136.543
    95	136.609
    96	136.676
    97	136.773
    98	136.916
    99	137.111
   100	137.352
   101	137.626
   102	137.917
   103	138.214
   104	138.502
   105	138.769
   106	139.004
   107	139.19
   108	139.315
   109	139.369
   110	139.351
   111	139.271
   112	139.146
   113	138.993
   114	138.826
   115	138.647
   116	138.444
   117	138.19
   118	137.856
   119	137.421
   120	136.884
   121	136.276
   122	135.648
   123	135.061
   124	134.564
   125	134.175
   126	133.878
   127	133.629
   128	133.378
   129	133.083
   130	132.737
   131	132.364
   132	132.017
   133	131.757
   134	131.633
   135	131.664
   136	131.838
   137	132.109
   138	132.418
   139	132.701
   140	132.911
   141	133.029
   142	133.069
   143	133.073
   144	133.095
   145	133.184
   146	133.363
   147	133.618
   148	133.909
   149	134.178
   150	134.379
   151	134.491
   152	134.531
   153	134.554
   154	134.633
   155	134.841
   156	135.229
   157	135.808
   158	136.551
   159	137.403
   160	138.3
   161	139.182
   162	140.019
   163	140.806
   164	141.56
   165	142.307
   166	143.065
   167	143.829
   168	144.566
   169	145.227
   170	145.756
   171	146.108
   172	146.262
   173	146.222
   174	146.015
   175	145.682
   176	145.268
   177	144.816
   178	144.358
   179	143.918
   180	143.512
   181	143.144
   182	142.815
   183	142.521
   184	142.262
   185	142.038
   186	141.853
   187	141.716
   188	141.637
   189	141.63
   190	141.71
   191	141.893
   192	142.192
   193	142.608
   194	143.133
   195	143.743
   196	144.402
   197	145.065
   198	145.691
   199	146.254
   200	146.751
   201	147.205
   202	147.653
   203	148.135
   204	148.677
   205	149.279
   206	149.914
   207	150.532
   208	151.078
   209	151.506
   210	151.792
   211	151.945
   212	152.001
   213	152.014
   214	152.04
   215	152.116
   216	152.253
   217	152.428
   218	152.592
   219	152.692
   220	152.682
   221	152.551
   222	152.322
   223	152.051
   224	151.81
   225	151.659
   226	151.629
   227	151.711
   228	151.857
   229	152.006
   230	152.099
   231	152.106
   232	152.029
   233	151.904
   234	151.788
   235	151.736
   236	151.788
   237	151.955
   238	152.213
   239	152.515
   240	152.803
   241	153.026
   242	153.159
   243	153.203
   244	153.191
   245	153.173
   246	153.193
   247	153.282
   248	153.439
   249	153.635
   250	153.827
   251	153.971
   252	154.037
   253	154.021
   254	153.941
   255	153.826
   256	153.71
   257	153.613
   258	153.547
   259	153.511
   260	153.496
   261	153.489
   262	153.474
   263	153.437
   264	153.362
   265	153.236
   266	153.05
   267	152.797
   268	152.476
   269	152.095
   270	151.67
   271	151.22
   272	150.768
   273	150.33
   274	149.918
   275	149.53
   276	149.164
   277	148.811
   278	148.463
   279	148.119
   280	147.791
   281	147.503
   282	147.287
   283	147.174
   284	147.185
   285	147.32
   286	147.553
   287	147.839
   288	148.123
   289	148.355
   290	148.509
   291	148.588
   292	148.625
   293	148.672
   294	148.774
   295	148.958
   296	149.212
   297	149.496
   298	149.748
   299	149.904
   300	149.919
   301	149.777
   302	149.499
   303	149.132
   304	148.737
   305	148.363
   306	148.035
   307	147.74
   308	147.435
   309	147.062
   310	146.565
   311	145.917
   312	145.124
   313	144.233
   314	143.317
   315	142.456
   316	141.715
   317	141.125
   318	140.677
   319	140.326
   320	140.01
   321	139.666
   322	139.255
   323	138.769
   324	138.229
   325	137.681
   326	137.175
   327	136.752
   328	136.43
   329	136.194
   330	136.009
   331	135.826
   332	135.598
   333	135.296
   334	134.909
   335	134.445
   336	133.926
   337	133.374
   338	132.809
   339	132.244
   340	131.679
   341	131.108
   342	130.517
   343	129.896
   344	129.239
   345	128.551
   346	127.84
   347	127.124
   348	126.424
   349	125.763
   350	125.169
   351	124.665
   352	124.27
   353	123.994
   354	123.836
   355	123.781
   356	123.809
   357	123.899
   358	124.032
   359	124.201
   360	124.414
   361	124.693
   362	125.065
   363	125.557
   364	126.183
   365	126.94
   366	127.802
   367	128.73
   368	129.677
   369	130.597
   370	131.464
   371	132.274
   372	133.047
   373	133.813
   374	134.596
   375	135.404
   376	136.22
   377	137.003
   378	137.7
   379	138.26
   380	138.651
   381	138.87
   382	138.949
   383	138.947
   384	138.937
   385	138.984
   386	139.126
   387	139.36
   388	139.646
   389	139.92
   390	140.115
   391	140.19
   392	140.141
   393	140.001
   394	139.832
   395	139.696
   396	139.641
   397	139.68
   398	139.794
   399	139.937
   400	140.061
   401	140.129
   402	140.128
   403	140.071
   404	139.997
   405	139.953
   406	139.987
   407	140.13
   408	140.394
   409	140.763
   410	141.207
   411	141.686
   412	142.165
   413	142.624
   414	143.058
   415	143.48
   416	143.907
   417	144.351
   418	144.807
   419	145.254
   420	145.661
   421	145.993
   422	146.222
   423	146.338
   424	146.347
   425	146.269
   426	146.131
   427	145.955
   428	145.76
   429	145.555
   430	145.347
   431	145.14
   432	144.941
   433	144.759
   434	144.604
   435	144.483
   436	144.394
   437	144.33
   438	144.273
   439	144.21
   440	144.128
   441	144.024
   442	143.908
   443	143.79
   444	143.684
   445	143.593
   446	143.509
   447	143.415
   448	143.288
   449	143.116
   450	142.903
   451	142.678
   452	142.486
   453	142.377
   454	142.392
   455	142.543
   456	142.816
   457	143.167
   458	143.54
   459	143.88
   460	144.147
   461	144.327
   462	144.429
   463	144.483
   464	144.525
   465	144.586
   466	144.678
   467	144.786
   468	144.876
   469	144.902
   470	144.821
   471	144.611
   472	144.281
   473	143.871
   474	143.439
   475	143.045
   476	142.73
   477	142.501
   478	142.328
   479	142.156
   480	141.922
   481	141.58
   482	141.109
   483	140.526
   484	139.877
   485	139.222
   486	138.618
   487	138.105
   488	137.695
   489	137.378
   490	137.133
   491	136.943
   492	136.803
   493	136.723
   494	136.725
   495	136.834
   496	137.066
   497	137.425
   498	137.897
   499	138.452
   500	139.053
   501	139.662
   502	140.244
   503	140.782
   504	141.274
   505	141.73
   506	142.166
   507	142.593
   508	143.011
   509	143.411
   510	143.77
   511	144.071
   512	144.301
   513	144.465
   514	144.577
   515	144.657
   516	144.72
   517	144.774
   518	144.814
   519	144.828
   520	144.81
   521	144.76
   522	144.69
   523	144.617
   524	144.559
   525	144.521
   526	144.498
   527	144.47
   528	144.416
   529	144.321
   530	144.185
   531	144.028
   532	143.884
   533	143.794
   534	143.796
   535	143.908
   536	144.131
   537	144.443
   538	144.806
   539	145.178
   540	145.528
   541	145.842
   542	146.132
   543	146.426
   544	146.756
   545	147.142
   546	147.58
   547	148.031
   548	148.436
   549	148.73
   550	148.859
   551	148.797
   552	148.558
   553	148.184
   554	147.736
   555	147.268
   556	146.814
   557	146.376
   558	145.924
   559	145.411
   560	144.79
   561	144.033
   562	143.142
   563	142.152
   564	141.126
   565	140.135
   566	139.244
   567	138.488
   568	137.873
   569	137.377
   570	136.959
   571	136.583
   572	136.228
   573	135.9
   574	135.624
   575	135.437
   576	135.374
   577	135.449
   578	135.651
   579	135.939
   580	136.256
   581	136.539
   582	136.737
   583	136.822
   584	136.793
   585	136.669
   586	136.477
   587	136.244
   588	135.988
   589	135.718
   590	135.434
   591	135.137
   592	134.832
   593	134.528
   594	134.24
   595	133.98
   596	133.754
   597	133.559
   598	133.389
   599	133.232
   600	133.082
   601	132.937
   602	132.801
   603	132.682
   604	132.59
   605	132.528
   606	132.49
   607	132.461
   608	132.422
   609	132.351
   610	132.237
   611	132.085
   612	131.922
   613	131.786
   614	131.72
   615	131.756
   616	131.897
   617	132.12
   618	132.377
   619	132.614
   620	132.783
   621	132.86
   622	132.845
   623	132.759
   624	132.632
   625	132.487
   626	132.329
   627	132.143
   628	131.898
   629	131.561
   630	131.109
   631	130.543
   632	129.89
   633	129.198
   634	128.523
   635	127.915
   636	127.402
   637	126.988
   638	126.648
   639	126.348
   640	126.049
   641	125.725
   642	125.373
   643	125.012
   644	124.676
   645	124.403
   646	124.219
   647	124.127
   648	124.108
   649	124.125
   650	124.142
   651	124.136
   652	124.109
   653	124.089
   654	124.122
   655	124.246
   656	124.477
   657	124.794
   658	125.146
   659	125.463
   660	125.682
   661	125.761
   662	125.692
   663	125.491
   664	125.19
   665	124.82
   666	124.399
   667	123.926
   668	123.386
   669	122.759
   670	122.031
   671	121.202
   672	120.299
   673	119.364
   674	118.455
   675	117.642
   676	116.987
   677	116.534
   678	116.293
   679	116.244
   680	116.345
   681	116.553
   682	116.839
   683	117.202
   684	117.661
   685	118.249
   686	118.99
   687	119.884
   688	120.903
   689	121.992
   690	123.085
   691	124.125
   692	125.073
   693	125.915
   694	126.651
   695	127.288
   696	127.825
   697	128.255
   698	128.565
   699	128.745
   700	128.791
   701	128.714
   702	128.533
   703	128.268
   704	127.94
   705	127.563
   706	127.141
   707	126.674
   708	126.163
   709	125.615
   710	125.045
   711	124.477
   712	123.942
   713	123.474
   714	123.107
   715	122.868
   716	122.769
   717	122.804
   718	122.954
   719	123.194
   720	123.503
   721	123.876
   722	124.325
   723	124.877
   724	125.557
   725	126.374
   726	127.309
   727	128.315
   728	129.325
   729	130.264
   730	131.077
   731	131.735
   732	132.238
   733	132.607
   734	132.866
   735	133.034
   736	133.109
   737	133.074
   738	132.903
   739	132.572
   740	132.073
   741	131.421
   742	130.652
   743	129.821
   744	128.988
   745	128.208
   746	127.518
   747	126.937
   748	126.467
   749	126.093
   750	125.804
   751	125.594
   752	125.47
   753	125.454
   754	125.57
   755	125.832
   756	126.234
   757	126.739
   758	127.29
   759	127.826
   760	128.294
   761	128.671
   762	128.967
   763	129.217
   764	129.465
   765	129.747
   766	130.076
   767	130.435
   768	130.791
   769	131.099
   770	131.326
   771	131.458
   772	131.501
   773	131.475
   774	131.405
   775	131.313
   776	131.202
   777	131.064
   778	130.877
   779	130.612
   780	130.25
   781	129.779
   782	129.207
   783	128.561
   784	127.881
   785	127.211
   786	126.589
   787	126.042
   788	125.584
   789	125.22
   790	124.945
   791	124.757
   792	124.662
   793	124.667
   794	124.78
   795	125
   796	125.316
   797	125.704
   798	126.133
   799	126.58
   800	127.034
   801	127.504
   802	128.008
   803	128.572
   804	129.206
   805	129.904
   806	130.637
   807	131.364
   808	132.04
   809	132.629
   810	133.117
   811	133.511
   812	133.836
   813	134.12
   814	134.388
   815	134.645
   816	134.876
   817	135.05
   818	135.123
   819	135.058
   820	134.836
   821	134.467
   822	133.991
   823	133.471
   824	132.976
   825	132.562
   826	132.256
   827	132.053
   828	131.923
   829	131.826
   830	131.739
   831	131.662
   832	131.626
   833	131.682
   834	131.886
   835	132.279
   836	132.869
   837	133.627
   838	134.494
   839	135.397
   840	136.268
   841	137.062
   842	137.762
   843	138.38
   844	138.938
   845	139.459
   846	139.956
   847	140.421
   848	140.835
   849	141.172
   850	141.409
   851	141.536
   852	141.559
   853	141.504
   854	141.403
   855	141.293
   856	141.203
   857	141.149
   858	141.128
   859	141.128
   860	141.129
   861	141.117
   862	141.088
   863	141.052
   864	141.025
   865	141.022
   866	141.051
   867	141.107
   868	141.179
   869	141.257
   870	141.336
   871	141.426
   872	141.544
   873	141.704
   874	141.913
   875	142.162
   876	142.422
   877	142.658
   878	142.83
   879	142.912
   880	142.896
   881	142.795
   882	142.634
   883	142.441
   884	142.24
   885	142.035
   886	141.818
   887	141.572
   888	141.285
   889	140.955
   890	140.605
   891	140.27
   892	139.999
   893	139.832
   894	139.796
   895	139.893
   896	140.097
   897	140.363
   898	140.639
   899	140.874
   900	141.038
   901	141.127
   902	141.165
   903	141.19
   904	141.242
   905	141.343
   906	141.487
   907	141.643
   908	141.765
   909	141.812
   910	141.766
   911	141.631
   912	141.44
   913	141.236
   914	141.06
   915	140.939
   916	140.874
   917	140.845
   918	140.814
   919	140.738
   920	140.582
   921	140.324
   922	139.965
   923	139.526
   924	139.044
   925	138.562
   926	138.122
   927	137.754
   928	137.475
   929	137.287
   930	137.183
   931	137.158
   932	137.208
   933	137.333
   934	137.537
   935	137.821
   936	138.184
   937	138.62
   938	139.122
   939	139.675
   940	140.261
   941	140.857
   942	141.43
   943	141.945
   944	142.367
   945	142.664
   946	142.812
   947	142.802
   948	142.636
   949	142.335
   950	141.931
   951	141.467
   952	140.983
   953	140.512
   954	140.067
   955	139.646
   956	139.23
   957	138.802
   958	138.35
   959	137.876
   960	137.399
   961	136.95
   962	136.559
   963	136.242
   964	135.994
   965	135.785
   966	135.571
   967	135.312
   968	134.981
   969	134.581
   970	134.138
   971	133.698
   972	133.305
   973	132.991
   974	132.761
   975	132.596
   976	132.462
   977	132.317
   978	132.133
   979	131.9
   980	131.631
   981	131.357
   982	131.114
   983	130.932
   984	130.827
   985	130.794
   986	130.808
   987	130.836
   988	130.848
   989	130.826
   990	130.77
   991	130.699
   992	130.643
   993	130.625
   994	130.657
   995	130.726
   996	130.801
   997	130.84
   998	130.802
   999	130.664
  1000	130.424
  1001	130.11
  1002	129.768
  1003	129.455
  1004	129.222
  1005	129.107
  1006	129.122
  1007	129.264
  1008	129.514
  1009	129.856
  1010	130.281
  1011	130.791
  1012	131.394
  1013	132.094
  1014	132.884
  1015	133.74
  1016	134.624
  1017	135.487
  1018	136.281
  1019	136.968
  1020	137.519
  1021	137.925
  1022	138.186
  1023	138.312
  1024	138.316
  1025	138.208
  1026	137.991
  1027	137.662
  1028	137.215
  1029	136.646
  1030	135.96
  1031	135.179
  1032	134.337
  1033	133.484
  1034	132.669
  1035	131.934
  1036	131.302
  1037	130.779
  1038	130.356
  1039	130.019
  1040	129.753
  1041	129.549
  1042	129.406
  1043	129.327
  1044	129.32
  1045	129.395
  1046	129.561
  1047	129.822
  1048	130.178
  1049	130.617
  1050	131.116
  1051	131.642
  1052	132.156
  1053	132.619
  1054	132.998
  1055	133.271
  1056	133.431
  1057	133.478
  1058	133.421
  1059	133.275
  1060	133.054
  1061	132.77
  1062	132.433
  1063	132.05
  1064	131.625
  1065	131.167
  1066	130.689
  1067	130.215
  1068	129.782
  1069	129.434
  1070	129.214
  1071	129.156
  1072	129.268
  1073	129.529
  1074	129.895
  1075	130.302
  1076	130.69
  1077	131.012
  1078	131.247
  1079	131.399
  1080	131.496
  1081	131.579
  1082	131.685
  1083	131.845
  1084	132.066
  1085	132.341
  1086	132.643
  1087	132.945
  1088	133.222
  1089	133.46
  1090	133.662
  1091	133.843
  1092	134.028
  1093	134.239
  1094	134.487
  1095	134.768
  1096	135.058
  1097	135.324
  1098	135.528
  1099	135.646
  1100	135.673
  1101	135.626
  1102	135.541
  1103	135.465
  1104	135.44
  1105	135.497
  1106	135.648
  1107	135.882
  1108	136.174
  1109	136.488
  1110	136.794
  1111	137.065
  1112	137.289
  1113	137.464
  1114	137.595
  1115	137.692
  1116	137.76
  1117	137.801
  1118	137.804
  1119	137.755
  1120	137.636
  1121	137.43
  1122	137.13
  1123	136.738
  1124	136.269
  1125	135.752
  1126	135.222
  1127	134.719
  1128	134.276
  1129	133.919
  1130	133.66
  1131	133.496
  1132	133.414
  1133	133.395
  1134	133.42
  1135	133.477
  1136	133.565
  1137	133.695
  1138	133.887
  1139	134.159
  1140	134.524
  1141	134.978
  1142	135.504
  1143	136.068
  1144	136.631
  1145	137.159
  1146	137.632
  1147	138.046
  1148	138.412
  1149	138.752
  1150	139.09
  1151	139.438
  1152	139.8
  1153	140.164
  1154	140.506
  1155	140.8
  1156	141.023
  1157	141.159
  1158	141.207
  1159	141.183
  1160	141.116
  1161	141.046
  1162	141.011
  1163	141.042
  1164	141.155
  1165	141.348
  1166	141.6
  1167	141.885
  1168	142.176
  1169	142.46
  1170	142.738
  1171	143.025
  1172	143.342
  1173	143.71
  1174	144.13
  1175	144.586
  1176	145.036
  1177	145.43
  1178	145.714
  1179	145.848
  1180	145.812
  1181	145.612
  1182	145.273
  1183	144.84
  1184	144.361
  1185	143.878
  1186	143.421
  1187	143.006
  1188	142.631
  1189	142.291
  1190	141.974
  1191	141.678
  1192	141.406
  1193	141.169
  1194	140.986
  1195	140.875
  1196	140.849
  1197	140.912
  1198	141.047
  1199	141.227
  1200	141.411
  1201	141.559
  1202	141.637
  1203	141.622
  1204	141.513
  1205	141.322
  1206	141.074
  1207	140.795
  1208	140.508
  1209	140.223
  1210	139.94
  1211	139.652
  1212	139.349
  1213	139.026
  1214	138.688
  1215	138.356
  1216	138.063
  1217	137.856
  1218	137.784
  1219	137.886
  1220	138.181
  1221	138.657
  1222	139.271
  1223	139.968
  1224	140.691
  1225	141.395
  1226	142.058
  1227	142.679
  1228	143.272
  1229	143.856
  1230	144.445
  1231	145.038
  1232	145.623
  1233	146.178
  1234	146.672
  1235	147.078
  1236	147.376
  1237	147.555
  1238	147.62
  1239	147.588
  1240	147.485
  1241	147.343
  1242	147.184
  1243	147.018
  1244	146.837
  1245	146.62
  1246	146.335
  1247	145.962
  1248	145.493
  1249	144.945
  1250	144.35
  1251	143.754
  1252	143.199
  1253	142.72
  1254	142.34
  1255	142.058
  1256	141.862
  1257	141.732
  1258	141.647
  1259	141.591
  1260	141.559
  1261	141.552
  1262	141.578
  1263	141.646
  1264	141.759
  1265	141.911
  1266	142.083
  1267	142.246
  1268	142.363
  1269	142.405
  1270	142.351
  1271	142.2
  1272	141.968
  1273	141.682
  1274	141.376
  1275	141.079
  1276	140.812
  1277	140.577
  1278	140.365
  1279	140.159
  1280	139.933
  1281	139.671
  1282	139.362
  1283	139.008
  1284	138.624
  1285	138.234
  1286	137.868
  1287	137.554
  1288	137.312
  1289	137.148
  1290	137.055
  1291	137.022
  1292	137.031
  1293	137.076
  1294	137.158
  1295	137.289
  1296	137.491
  1297	137.786
  1298	138.193
  1299	138.718
  1300	139.351
  1301	140.063
  1302	140.813
  1303	141.554
  1304	142.238
  1305	142.824
  1306	143.289
  1307	143.62
  1308	143.821
  1309	143.9
  1310	143.867
  1311	143.727
  1312	143.481
  1313	143.125
  1314	142.659
  1315	142.089
  1316	141.437
  1317	140.742
  1318	140.051
  1319	139.419
  1320	138.9
  1321	138.536
  1322	138.35
  1323	138.351
  1324	138.528
  1325	138.856
  1326	139.306
  1327	139.848
  1328	140.455
  1329	141.107
  1330	141.788
  1331	142.48
  1332	143.164
  1333	143.813
  1334	144.392
  1335	144.865
  1336	145.197
  1337	145.361
  1338	145.34
  1339	145.136
  1340	144.769
  1341	144.271
  1342	143.685
  1343	143.049
  1344	142.392
  1345	141.73
  1346	141.063
  1347	140.382
  1348	139.679
  1349	138.951
  1350	138.202
  1351	137.449
  1352	136.72
  1353	136.05
  1354	135.475
  1355	135.024
  1356	134.715
  1357	134.548
  1358	134.507
  1359	134.567
  1360	134.7
  1361	134.882
  1362	135.096
  1363	135.337
  1364	135.604
  1365	135.902
  1366	136.231
  1367	136.582
  1368	136.933
  1369	137.258
  1370	137.521
  1371	137.691
  1372	137.744
  1373	137.666
  1374	137.457
  1375	137.13
  1376	136.707
  1377	136.21
  1378	135.662
  1379	135.076
  1380	134.459
  1381	133.807
  1382	133.112
  1383	132.372
  1384	131.59
  1385	130.785
  1386	129.986
  1387	129.232
  1388	128.563
  1389	128.005
  1390	127.565
  1391	127.227
  1392	126.96
  1393	126.721
  1394	126.476
  1395	126.205
  1396	125.909
  1397	125.61
  1398	125.341
  1399	125.136
  1400	125.018
  1401	124.987
  1402	125.024
  1403	125.096
  1404	125.165
  1405	125.196
  1406	125.167
  1407	125.073
  1408	124.928
  1409	124.761
  1410	124.61
  1411	124.511
  1412	124.479
  1413	124.507
  1414	124.559
  1415	124.579
  1416	124.509
  1417	124.306
  1418	123.962
  1419	123.504
  1420	122.999
  1421	122.537
  1422	122.206
  1423	122.073
  1424	122.165
  1425	122.465
  1426	122.926
  1427	123.483
  1428	124.072
  1429	124.643
  1430	125.165
  1431	125.636
  1432	126.068
  1433	126.487
  1434	126.918
  1435	127.372
  1436	127.837
  1437	128.284
  1438	128.666
  1439	128.939
  1440	129.072
  1441	129.056
  1442	128.916
  1443	128.705
  1444	128.501
  1445	128.382
  1446	128.411
  1447	128.613
  1448	128.973
  1449	129.44
  1450	129.949
  1451	130.44
  1452	130.872
  1453	131.232
  1454	131.539
  1455	131.832
  1456	132.161
  1457	132.574
  1458	133.1
  1459	133.74
  1460	134.464
  1461	135.216
  1462	135.937
  1463	136.573
  1464	137.097
  1465	137.508
  1466	137.825
  1467	138.078
  1468	138.295
  1469	138.494
  1470	138.678
  1471	138.837
  1472	138.951
  1473	138.995
  1474	138.952
  1475	138.812
  1476	138.579
  1477	138.275
  1478	137.929
  1479	137.578
  1480	137.252
  1481	136.97
  1482	136.731
  1483	136.516
  1484	136.296
  1485	136.041
  1486	135.734
  1487	135.375
  1488	134.989
  1489	134.617
  1490	134.303
  1491	134.088
  1492	133.991
  1493	134.01
  1494	134.12
  1495	134.28
  1496	134.449
  1497	134.59
  1498	134.68
  1499	134.713
  1500	134.695
  1501	134.643
  1502	134.581
  1503	134.527
  1504	134.49
  1505	134.467
  1506	134.439
  1507	134.385
  1508	134.282
  1509	134.117
  1510	133.886
  1511	133.604
  1512	133.291
  1513	132.977
  1514	132.692
  1515	132.455
  1516	132.277
  1517	132.148
  1518	132.045
  1519	131.932
  1520	131.772
  1521	131.538
  1522	131.221
  1523	130.834
  1524	130.415
  1525	130.014
  1526	129.683
  1527	129.456
  1528	129.342
  1529	129.327
  1530	129.379
  1531	129.464
  1532	129.551
  1533	129.624
  1534	129.686
  1535	129.752
  1536	129.847
  1537	129.995
  1538	130.214
  1539	130.505
  1540	130.854
  1541	131.225
  1542	131.574
  1543	131.853
  1544	132.028
  1545	132.084
  1546	132.032
  1547	131.906
  1548	131.756
  1549	131.629
  1550	131.56
  1551	131.56
  1552	131.616
  1553	131.699
  1554	131.775
  1555	131.82
  1556	131.829
  1557	131.814
  1558	131.804
  1559	131.832
  1560	131.922
  1561	132.083
  1562	132.3
  1563	132.54
  1564	132.757
  1565	132.908
  1566	132.961
  1567	132.904
  1568	132.753
  1569	132.541
  1570	132.318
  1571	132.135
  1572	132.034
  1573	132.038
  1574	132.15
  1575	132.355
  1576	132.626
  1577	132.936
  1578	133.267
  1579	133.61
  1580	133.967
  1581	134.35
  1582	134.767
  1583	135.219
  1584	135.69
  1585	136.152
  1586	136.566
  1587	136.894
  1588	137.099
  1589	137.163
  1590	137.084
  1591	136.876
  1592	136.565
  1593	136.179
  1594	135.746
  1595	135.282
  1596	134.788
  1597	134.253
  1598	133.657
  1599	132.975
  1600	132.185
  1601	131.277
  1602	130.262
  1603	129.173
  1604	128.064
  1605	127
  1606	126.046
  1607	125.257
  1608	124.661
  1609	124.259
  1610	124.033
  1611	123.951
  1612	123.983
  1613	124.11
  1614	124.326
  1615	124.645
  1616	125.088
  1617	125.674
  1618	126.417
  1619	127.309
  1620	128.327
  1621	129.43
  1622	130.574
  1623	131.712
  1624	132.814
  1625	133.861
  1626	134.85
  1627	135.784
  1628	136.669
  1629	137.507
  1630	138.288
  1631	138.993
  1632	139.601
  1633	140.089
  1634	140.446
  1635	140.671
  1636	140.775
  1637	140.776
  1638	140.695
  1639	140.555
  1640	140.374
  1641	140.167
  1642	139.947
  1643	139.728
  1644	139.524
  1645	139.354
  1646	139.237
  1647	139.192
  1648	139.236
  1649	139.377
  1650	139.614
  1651	139.935
  1652	140.324
  1653	140.761
  1654	141.229
  1655	141.723
  1656	142.246
  1657	142.803
  1658	143.404
  1659	144.052
  1660	144.74
  1661	145.45
  1662	146.163
  1663	146.854
  1664	147.509
  1665	148.117
  1666	148.678
  1667	149.193
  1668	149.665
  1669	150.089
  1670	150.456
  1671	150.753
  1672	150.965
  1673	151.082
  1674	151.102
  1675	151.028
  1676	150.87
  1677	150.639
  1678	150.347
  1679	150.002
  1680	149.613
  1681	149.185
  1682	148.73
  1683	148.261
  1684	147.801
  1685	147.372
  1686	146.999
  1687	146.702
  1688	146.487
  1689	146.353
  1690	146.283
  1691	146.252
  1692	146.233
  1693	146.203
  1694	146.145
  1695	146.054
  1696	145.929
  1697	145.772
  1698	145.584
  1699	145.359
  1700	145.089
  1701	144.769
  1702	144.401
  1703	144.001
  1704	143.6
  1705	143.239
  1706	142.96
  1707	142.796
  1708	142.766
  1709	142.867
  1710	143.082
  1711	143.38
  1712	143.731
  1713	144.113
  1714	144.515
  1715	144.941
  1716	145.401
  1717	145.904
  1718	146.451
  1719	147.029
  1720	147.609
  1721	148.156
  1722	148.635
  1723	149.018
  1724	149.289
  1725	149.445
  1726	149.499
  1727	149.463
  1728	149.352
  1729	149.171
  1730	148.917
  1731	148.579
  1732	148.142
  1733	147.597
  1734	146.944
  1735	146.196
  1736	145.38
  1737	144.531
  1738	143.692
  1739	142.907
  1740	142.212
  1741	141.635
  1742	141.196
  1743	140.908
  1744	140.778
  1745	140.81
  1746	141.006
  1747	141.36
  1748	141.854
  1749	142.463
  1750	143.154
  1751	143.887
  1752	144.626
  1753	145.342
  1754	146.013
  1755	146.63
  1756	147.186
  1757	147.677
  1758	148.093
  1759	148.419
  1760	148.633
  1761	148.711
  1762	148.633
  1763	148.389
  1764	147.985
  1765	147.443
  1766	146.799
  1767	146.093
  1768	145.366
  1769	144.648
  1770	143.957
  1771	143.3
  1772	142.676
  1773	142.084
  1774	141.523
  1775	141.002
  1776	140.534
  1777	140.135
  1778	139.817
  1779	139.587
  1780	139.449
  1781	139.4
  1782	139.441
  1783	139.572
  1784	139.797
  1785	140.119
  1786	140.539
  1787	141.05
  1788	141.637
  1789	142.279
  1790	142.948
  1791	143.619
  1792	144.271
  1793	144.889
  1794	145.468
  1795	146.01
  1796	146.516
  1797	146.982
  1798	147.393
  1799	147.728
  1800	147.957
  1801	148.051
  1802	147.995
  1803	147.788
  1804	147.451
  1805	147.017
  1806	146.529
  1807	146.02
  1808	145.511
  1809	145.007
  1810	144.496
  1811	143.958
  1812	143.373
  1813	142.732
  1814	142.039
  1815	141.31
  1816	140.568
  1817	139.84
  1818	139.142
  1819	138.481
  1820	137.856
  1821	137.26
  1822	136.686
  1823	136.14
  1824	135.64
  1825	135.218
  1826	134.905
  1827	134.734
  1828	134.721
  1829	134.869
  1830	135.163
  1831	135.577
  1832	136.081
  1833	136.649
  1834	137.262
  1835	137.909
  1836	138.577
  1837	139.255
  1838	139.921
  1839	140.548
  1840	141.1
  1841	141.541
  1842	141.837
  1843	141.965
  1844	141.916
  1845	141.689
  1846	141.296
  1847	140.753
  1848	140.079
  1849	139.295
  1850	138.424
  1851	137.487
  1852	136.513
  1853	135.527
  1854	134.552
  1855	133.607
  1856	132.706
  1857	131.852
  1858	131.042
  1859	130.27
  1860	129.531
  1861	128.827
  1862	128.174
  1863	127.594
  1864	127.116
  1865	126.759
  1866	126.53
  1867	126.417
  1868	126.393
  1869	126.424
  1870	126.478
  1871	126.534
  1872	126.587
  1873	126.649
  1874	126.739
  1875	126.88
  1876	127.089
  1877	127.372
  1878	127.718
  1879	128.104
  1880	128.498
  1881	128.869
  1882	129.193
  1883	129.457
  1884	129.661
  1885	129.816
  1886	129.93
  1887	130.011
  1888	130.056
  1889	130.056
  1890	129.998
  1891	129.877
  1892	129.699
  1893	129.484
  1894	129.264
  1895	129.079
  1896	128.966
  1897	128.955
  1898	129.064
  1899	129.296
  1900	129.644
  1901	130.096
  1902	130.638
  1903	131.259
  1904	131.95
  1905	132.703
  1906	133.506
  1907	134.336
  1908	135.161
  1909	135.938
  1910	136.625
  1911	137.187
  1912	137.605
  1913	137.879
  1914	138.024
  1915	138.069
  1916	138.051
  1917	138.006
  1918	137.967
  1919	137.959
  1920	137.994
  1921	138.076
  1922	138.2
  1923	138.355
  1924	138.534
  1925	138.731
  1926	138.946
  1927	139.181
  1928	139.436
  1929	139.709
  1930	139.998
  1931	140.297
  1932	140.605
  1933	140.922
  1934	141.251
  1935	141.594
  1936	141.949
  1937	142.308
  1938	142.662
  1939	142.997
  1940	143.308
  1941	143.595
  1942	143.87
  1943	144.145
  1944	144.428
  1945	144.719
  1946	145.002
  1947	145.251
  1948	145.431
  1949	145.51
  1950	145.465
  1951	145.289
  1952	144.99
  1953	144.592
  1954	144.124
  1955	143.615
  1956	143.086
  1957	142.546
  1958	141.997
  1959	141.439
  1960	140.878
  1961	140.329
  1962	139.823
  1963	139.398
  1964	139.099
  1965	138.963
  1966	139.015
  1967	139.253
  1968	139.652
  1969	140.162
  1970	140.727
  1971	141.289
  1972	141.809
  1973	142.267
  1974	142.667
  1975	143.023
  1976	143.354
  1977	143.669
  1978	143.966
  1979	144.228
  1980	144.431
  1981	144.551
  1982	144.571
  1983	144.483
  1984	144.289
  1985	143.999
  1986	143.629
  1987	143.195
  1988	142.715
  1989	142.201
  1990	141.661
  1991	141.095
  1992	140.499
  1993	139.865
  1994	139.189
  1995	138.474
  1996	137.734
  1997	136.991
  1998	136.277
  1999	135.63
  2000	135.088
  2001	134.685
