     1	135.185
     2	134.942
     3	134.735
     4	134.572
     5	134.427
     6	134.25
     7	133.989
     8	133.602
     9	133.082
    10	132.453
    11	131.775
    12	131.118
    13	130.552
    14	130.118
    15	129.825
    16	129.642
    17	129.518
    18	129.399
    19	129.244
    20	129.037
    21	128.784
    22	128.506
    23	128.225
    24	127.962
    25	127.731
    26	127.543
    27	127.405
    28	127.32
    29	127.283
    30	127.289
    31	127.328
    32	127.391
    33	127.474
    34	127.582
    35	127.731
    36	127.936
    37	128.211
    38	128.558
    39	128.966
    40	129.414
    41	129.874
    42	130.315
    43	130.713
    44	131.045
    45	131.294
    46	131.456
    47	131.536
    48	131.559
    49	131.561
    50	131.579
    51	131.643
    52	131.764
    53	131.925
    54	132.095
    55	132.234
    56	132.316
    57	132.333
    58	132.3
    59	132.252
    60	132.223
    61	132.238
    62	132.304
    63	132.408
    64	132.528
    65	132.643
    66	132.747
    67	132.854
    68	132.998
    69	133.226
    70	133.582
    71	134.098
    72	134.772
    73	135.573
    74	136.441
    75	137.303
    76	138.088
    77	138.739
    78	139.218
    79	139.512
    80	139.627
    81	139.584
    82	139.411
    83	139.129
    84	138.749
    85	138.269
    86	137.679
    87	136.973
    88	136.151
    89	135.24
    90	134.287
    91	133.365
    92	132.552
    93	131.919
    94	131.51
    95	131.326
    96	131.334
    97	131.476
    98	131.693
    99	131.942
   100	132.202
   101	132.477
   102	132.78
   103	133.122
   104	133.506
   105	133.917
   106	134.333
   107	134.731
   108	135.093
   109	135.417
   110	135.708
   111	135.974
   112	136.217
   113	136.429
   114	136.59
   115	136.676
   116	136.671
   117	136.564
   118	136.349
   119	136.025
   120	135.589
   121	135.04
   122	134.381
   123	133.631
   124	132.824
   125	132.019
   126	131.281
   127	130.679
   128	130.265
   129	130.065
   130	130.081
   131	130.294
   132	130.68
   133	131.218
   134	131.891
   135	132.692
   136	133.616
   137	134.655
   138	135.797
   139	137.021
   140	138.301
   141	139.605
   142	140.895
   143	142.125
   144	143.248
   145	144.216
   146	144.995
   147	145.576
   148	145.984
   149	146.276
   150	146.524
   151	146.794
   152	147.127
   153	147.526
   154	147.964
   155	148.398
   156	148.796
   157	149.145
   158	149.46
   159	149.777
   160	150.139
   161	150.582
   162	151.124
   163	151.765
   164	152.492
   165	153.282
   166	154.109
   167	154.939
   168	155.739
   169	156.479
   170	157.134
   171	157.69
   172	158.151
   173	158.536
   174	158.867
   175	159.154
   176	159.391
   177	159.552
   178	159.603
   179	159.515
   180	159.275
   181	158.892
   182	158.393
   183	157.812
   184	157.174
   185	156.492
   186	155.758
   187	154.959
   188	154.079
   189	153.113
   190	152.075
   191	150.989
   192	149.883
   193	148.79
   194	147.739
   195	146.749
   196	145.829
   197	144.979
   198	144.194
   199	143.463
   200	142.78
   201	142.143
   202	141.557
   203	141.038
   204	140.605
   205	140.277
   206	140.067
   207	139.983
   208	140.021
   209	140.168
   210	140.4
   211	140.686
   212	140.991
   213	141.282
   214	141.527
   215	141.703
   216	141.796
   217	141.8
   218	141.716
   219	141.551
   220	141.311
   221	140.998
   222	140.613
   223	140.154
   224	139.625
   225	139.042
   226	138.43
   227	137.825
   228	137.273
   229	136.819
   230	136.494
   231	136.311
   232	136.26
   233	136.314
   234	136.437
   235	136.595
   236	136.764
   237	136.94
   238	137.13
   239	137.353
   240	137.63
   241	137.976
   242	138.39
   243	138.859
   244	139.353
   245	139.834
   246	140.26
   247	140.599
   248	140.832
   249	140.959
   250	140.994
   251	140.957
   252	140.867
   253	140.729
   254	140.538
   255	140.273
   256	139.909
   257	139.428
   258	138.829
   259	138.129
   260	137.366
   261	136.593
   262	135.867
   263	135.244
   264	134.766
   265	134.464
   266	134.346
   267	134.406
   268	134.624
   269	134.979
   270	135.452
   271	136.03
   272	136.703
   273	137.459
   274	138.273
   275	139.107
   276	139.911
   277	140.634
   278	141.234
   279	141.688
   280	141.987
   281	142.139
   282	142.156
   283	142.05
   284	141.83
   285	141.498
   286	141.059
   287	140.52
   288	139.897
   289	139.209
   290	138.48
   291	137.732
   292	136.981
   293	136.246
   294	135.541
   295	134.882
   296	134.277
   297	133.731
   298	133.243
   299	132.811
   300	132.429
   301	132.095
   302	131.809
   303	131.574
   304	131.398
   305	131.282
   306	131.229
   307	131.236
   308	131.299
   309	131.415
   310	131.58
   311	131.795
   312	132.054
   313	132.343
   314	132.641
   315	132.92
   316	133.157
   317	133.34
   318	133.469
   319	133.562
   320	133.641
   321	133.723
   322	133.814
   323	133.899
   324	133.955
   325	133.953
   326	133.875
   327	133.721
   328	133.512
   329	133.285
   330	133.08
   331	132.936
   332	132.878
   333	132.92
   334	133.066
   335	133.318
   336	133.674
   337	134.134
   338	134.701
   339	135.373
   340	136.151
   341	137.029
   342	138.003
   343	139.06
   344	140.184
   345	141.349
   346	142.525
   347	143.672
   348	144.756
   349	145.754
   350	146.655
   351	147.46
   352	148.175
   353	148.801
   354	149.327
   355	149.732
   356	149.989
   357	150.077
   358	149.987
   359	149.733
   360	149.346
   361	148.868
   362	148.344
   363	147.809
   364	147.283
   365	146.772
   366	146.273
   367	145.782
   368	145.298
   369	144.824
   370	144.365
   371	143.924
   372	143.498
   373	143.084
   374	142.676
   375	142.266
   376	141.846
   377	141.404
   378	140.93
   379	140.412
   380	139.843
   381	139.218
   382	138.545
   383	137.839
   384	137.123
   385	136.419
   386	135.747
   387	135.118
   388	134.534
   389	133.995
   390	133.493
   391	133.022
   392	132.57
   393	132.12
   394	131.647
   395	131.131
   396	130.554
   397	129.917
   398	129.229
   399	128.513
   400	127.794
   401	127.091
   402	126.412
   403	125.748
   404	125.082
   405	124.39
   406	123.657
   407	122.881
   408	122.074
   409	121.268
   410	120.499
   411	119.804
   412	119.211
   413	118.73
   414	118.36
   415	118.09
   416	117.907
   417	117.809
   418	117.812
   419	117.947
   420	118.251
   421	118.754
   422	119.467
   423	120.374
   424	121.437
   425	122.598
   426	123.79
   427	124.949
   428	126.022
   429	126.971
   430	127.776
   431	128.427
   432	128.923
   433	129.26
   434	129.432
   435	129.428
   436	129.234
   437	128.841
   438	128.251
   439	127.485
   440	126.587
   441	125.619
   442	124.661
   443	123.791
   444	123.069
   445	122.541
   446	122.227
   447	122.13
   448	122.247
   449	122.571
   450	123.096
   451	123.813
   452	124.707
   453	125.75
   454	126.905
   455	128.13
   456	129.384
   457	130.639
   458	131.883
   459	133.115
   460	134.335
   461	135.539
   462	136.713
   463	137.835
   464	138.88
   465	139.821
   466	140.635
   467	141.301
   468	141.803
   469	142.134
   470	142.295
   471	142.296
   472	142.153
   473	141.882
   474	141.493
   475	140.987
   476	140.358
   477	139.597
   478	138.708
   479	137.712
   480	136.656
   481	135.604
   482	134.626
   483	133.777
   484	133.087
   485	132.561
   486	132.177
   487	131.908
   488	131.724
   489	131.604
   490	131.534
   491	131.505
   492	131.501
   493	131.501
   494	131.478
   495	131.406
   496	131.266
   497	131.049
   498	130.764
   499	130.429
   500	130.07
   501	129.713
   502	129.385
   503	129.109
   504	128.903
   505	128.778
   506	128.736
   507	128.765
   508	128.845
   509	128.953
   510	129.068
   511	129.178
   512	129.282
   513	129.385
   514	129.493
   515	129.603
   516	129.707
   517	129.788
   518	129.832
   519	129.83
   520	129.786
   521	129.713
   522	129.624
   523	129.525
   524	129.41
   525	129.262
   526	129.066
   527	128.808
   528	128.491
   529	128.129
   530	127.747
   531	127.363
   532	126.991
   533	126.631
   534	126.277
   535	125.922
   536	125.568
   537	125.229
   538	124.936
   539	124.73
   540	124.651
   541	124.731
   542	124.987
   543	125.415
   544	125.995
   545	126.694
   546	127.473
   547	128.297
   548	129.135
   549	129.966
   550	130.78
   551	131.571
   552	132.342
   553	133.087
   554	133.795
   555	134.445
   556	135.009
   557	135.455
   558	135.756
   559	135.898
   560	135.884
   561	135.729
   562	135.459
   563	135.097
   564	134.66
   565	134.15
   566	133.563
   567	132.893
   568	132.14
   569	131.316
   570	130.443
   571	129.551
   572	128.673
   573	127.837
   574	127.066
   575	126.384
   576	125.82
   577	125.409
   578	125.192
   579	125.21
   580	125.484
   581	126.008
   582	126.751
   583	127.654
   584	128.649
   585	129.672
   586	130.668
   587	131.605
   588	132.461
   589	133.228
   590	133.902
   591	134.478
   592	134.954
   593	135.325
   594	135.59
   595	135.75
   596	135.809
   597	135.777
   598	135.671
   599	135.514
   600	135.336
   601	135.168
   602	135.034
   603	134.942
   604	134.878
   605	134.813
   606	134.709
   607	134.532
   608	134.267
   609	133.914
   610	133.497
   611	133.04
   612	132.567
   613	132.083
   614	131.578
   615	131.032
   616	130.43
   617	129.779
   618	129.113
   619	128.486
   620	127.964
   621	127.602
   622	127.426
   623	127.424
   624	127.552
   625	127.75
   626	127.96
   627	128.144
   628	128.288
   629	128.407
   630	128.526
   631	128.679
   632	128.889
   633	129.165
   634	129.504
   635	129.887
   636	130.296
   637	130.715
   638	131.132
   639	131.546
   640	131.965
   641	132.403
   642	132.871
   643	133.375
   644	133.902
   645	134.42
   646	134.889
   647	135.265
   648	135.515
   649	135.63
   650	135.623
   651	135.527
   652	135.387
   653	135.244
   654	135.129
   655	135.056
   656	135.021
   657	135.016
   658	135.032
   659	135.071
   660	135.139
   661	135.243
   662	135.385
   663	135.557
   664	135.75
   665	135.953
   666	136.158
   667	136.359
   668	136.552
   669	136.727
   670	136.868
   671	136.956
   672	136.971
   673	136.906
   674	136.769
   675	136.588
   676	136.401
   677	136.25
   678	136.166
   679	136.163
   680	136.238
   681	136.373
   682	136.54
   683	136.706
   684	136.842
   685	136.928
   686	136.958
   687	136.94
   688	136.897
   689	136.861
   690	136.859
   691	136.906
   692	137
   693	137.116
   694	137.218
   695	137.266
   696	137.234
   697	137.114
   698	136.924
   699	136.697
   700	136.479
   701	136.306
   702	136.194
   703	136.138
   704	136.105
   705	136.054
   706	135.947
   707	135.762
   708	135.505
   709	135.207
   710	134.919
   711	134.695
   712	134.58
   713	134.599
   714	134.757
   715	135.044
   716	135.44
   717	135.924
   718	136.479
   719	137.091
   720	137.747
   721	138.436
   722	139.143
   723	139.854
   724	140.551
   725	141.212
   726	141.813
   727	142.331
   728	142.747
   729	143.052
   730	143.247
   731	143.348
   732	143.379
   733	143.365
   734	143.326
   735	143.271
   736	143.199
   737	143.107
   738	142.994
   739	142.864
   740	142.731
   741	142.608
   742	142.51
   743	142.439
   744	142.393
   745	142.366
   746	142.351
   747	142.346
   748	142.357
   749	142.392
   750	142.459
   751	142.559
   752	142.681
   753	142.806
   754	142.915
   755	142.99
   756	143.025
   757	143.023
   758	142.993
   759	142.942
   760	142.873
   761	142.78
   762	142.649
   763	142.467
   764	142.221
   765	141.909
   766	141.545
   767	141.154
   768	140.775
   769	140.455
   770	140.237
   771	140.153
   772	140.218
   773	140.417
   774	140.712
   775	141.05
   776	141.374
   777	141.641
   778	141.829
   779	141.939
   780	141.985
   781	141.981
   782	141.925
   783	141.796
   784	141.552
   785	141.146
   786	140.537
   787	139.703
   788	138.656
   789	137.429
   790	136.077
   791	134.655
   792	133.215
   793	131.798
   794	130.436
   795	129.156
   796	127.981
   797	126.93
   798	126.017
   799	125.253
   800	124.636
   801	124.161
   802	123.813
   803	123.578
   804	123.438
   805	123.38
   806	123.397
   807	123.494
   808	123.68
   809	123.972
   810	124.388
   811	124.939
   812	125.623
   813	126.419
   814	127.289
   815	128.179
   816	129.032
   817	129.796
   818	130.438
   819	130.946
   820	131.329
   821	131.609
   822	131.808
   823	131.942
   824	132.012
   825	132.006
   826	131.907
   827	131.699
   828	131.379
   829	130.96
   830	130.467
   831	129.939
   832	129.42
   833	128.953
   834	128.582
   835	128.342
   836	128.261
   837	128.354
   838	128.616
   839	129.026
   840	129.545
   841	130.13
   842	130.738
   843	131.336
   844	131.909
   845	132.46
   846	133.009
   847	133.586
   848	134.216
   849	134.916
   850	135.682
   851	136.491
   852	137.306
   853	138.084
   854	138.787
   855	139.388
   856	139.872
   857	140.243
   858	140.519
   859	140.729
   860	140.91
   861	141.089
   862	141.281
   863	141.479
   864	141.661
   865	141.795
   866	141.856
   867	141.829
   868	141.725
   869	141.57
   870	141.402
   871	141.255
   872	141.142
   873	141.055
   874	140.962
   875	140.825
   876	140.615
   877	140.321
   878	139.954
   879	139.54
   880	139.105
   881	138.667
   882	138.232
   883	137.791
   884	137.334
   885	136.855
   886	136.365
   887	135.89
   888	135.474
   889	135.16
   890	134.987
   891	134.98
   892	135.146
   893	135.474
   894	135.937
   895	136.498
   896	137.112
   897	137.733
   898	138.321
   899	138.846
   900	139.297
   901	139.679
   902	140.008
   903	140.297
   904	140.556
   905	140.782
   906	140.966
   907	141.097
   908	141.176
   909	141.216
   910	141.248
   911	141.307
   912	141.421
   913	141.603
   914	141.842
   915	142.115
   916	142.393
   917	142.655
   918	142.888
   919	143.092
   920	143.268
   921	143.415
   922	143.526
   923	143.59
   924	143.599
   925	143.552
   926	143.457
   927	143.33
   928	143.186
   929	143.03
   930	142.853
   931	142.637
   932	142.358
   933	142.001
   934	141.562
   935	141.048
   936	140.473
   937	139.853
   938	139.199
   939	138.519
   940	137.814
   941	137.084
   942	136.329
   943	135.557
   944	134.789
   945	134.058
   946	133.412
   947	132.905
   948	132.59
   949	132.51
   950	132.684
   951	133.102
   952	133.73
   953	134.507
   954	135.369
   955	136.25
   956	137.101
   957	137.896
   958	138.629
   959	139.304
   960	139.927
   961	140.493
   962	140.981
   963	141.356
   964	141.582
   965	141.627
   966	141.48
   967	141.156
   968	140.692
   969	140.141
   970	139.563
   971	139.007
   972	138.511
   973	138.09
   974	137.743
   975	137.459
   976	137.227
   977	137.041
   978	136.902
   979	136.826
   980	136.827
   981	136.919
   982	137.108
   983	137.387
   984	137.74
   985	138.141
   986	138.562
   987	138.979
   988	139.367
   989	139.714
   990	140.008
   991	140.241
   992	140.408
   993	140.502
   994	140.513
   995	140.435
   996	140.264
   997	140.003
   998	139.661
   999	139.254
  1000	138.804
  1001	138.331
  1002	137.858
  1003	137.408
  1004	137.01
  1005	136.697
  1006	136.508
  1007	136.475
  1008	136.624
  1009	136.962
  1010	137.475
  1011	138.13
  1012	138.882
  1013	139.681
  1014	140.482
  1015	141.254
  1016	141.981
  1017	142.666
  1018	143.318
  1019	143.951
  1020	144.573
  1021	145.178
  1022	145.747
  1023	146.257
  1024	146.682
  1025	147.011
  1026	147.247
  1027	147.41
  1028	147.528
  1029	147.631
  1030	147.735
  1031	147.842
  1032	147.932
  1033	147.975
  1034	147.938
  1035	147.796
  1036	147.537
  1037	147.166
  1038	146.703
  1039	146.172
  1040	145.595
  1041	144.985
  1042	144.342
  1043	143.661
  1044	142.934
  1045	142.162
  1046	141.363
  1047	140.567
  1048	139.813
  1049	139.136
  1050	138.556
  1051	138.077
  1052	137.682
  1053	137.342
  1054	137.021
  1055	136.687
  1056	136.315
  1057	135.894
  1058	135.426
  1059	134.921
  1060	134.399
  1061	133.879
  1062	133.383
  1063	132.928
  1064	132.534
  1065	132.218
  1066	131.998
  1067	131.888
  1068	131.894
  1069	132.013
  1070	132.235
  1071	132.541
  1072	132.905
  1073	133.301
  1074	133.704
  1075	134.09
  1076	134.441
  1077	134.745
  1078	134.996
  1079	135.195
  1080	135.348
  1081	135.463
  1082	135.55
  1083	135.617
  1084	135.676
  1085	135.738
  1086	135.824
  1087	135.954
  1088	136.153
  1089	136.437
  1090	136.807
  1091	137.248
  1092	137.728
  1093	138.206
  1094	138.647
  1095	139.032
  1096	139.359
  1097	139.642
  1098	139.902
  1099	140.15
  1100	140.383
  1101	140.58
  1102	140.711
  1103	140.752
  1104	140.695
  1105	140.561
  1106	140.39
  1107	140.237
  1108	140.149
  1109	140.155
  1110	140.256
  1111	140.43
  1112	140.637
  1113	140.83
  1114	140.966
  1115	141.02
  1116	140.983
  1117	140.868
  1118	140.705
  1119	140.531
  1120	140.377
  1121	140.26
  1122	140.173
  1123	140.09
  1124	139.97
  1125	139.777
  1126	139.493
  1127	139.126
  1128	138.709
  1129	138.294
  1130	137.93
  1131	137.653
  1132	137.468
  1133	137.352
  1134	137.261
  1135	137.147
  1136	136.97
  1137	136.716
  1138	136.391
  1139	136.025
  1140	135.657
  1141	135.329
  1142	135.079
  1143	134.93
  1144	134.89
  1145	134.954
  1146	135.102
  1147	135.311
  1148	135.557
  1149	135.821
  1150	136.093
  1151	136.368
  1152	136.649
  1153	136.939
  1154	137.244
  1155	137.569
  1156	137.917
  1157	138.29
  1158	138.684
  1159	139.091
  1160	139.497
  1161	139.887
  1162	140.245
  1163	140.567
  1164	140.861
  1165	141.141
  1166	141.424
  1167	141.716
  1168	142.006
  1169	142.265
  1170	142.452
  1171	142.522
  1172	142.437
  1173	142.181
  1174	141.758
  1175	141.198
  1176	140.551
  1177	139.874
  1178	139.228
  1179	138.661
  1180	138.207
  1181	137.885
  1182	137.7
  1183	137.656
  1184	137.763
  1185	138.039
  1186	138.51
  1187	139.2
  1188	140.117
  1189	141.246
  1190	142.536
  1191	143.91
  1192	145.274
  1193	146.536
  1194	147.622
  1195	148.492
  1196	149.134
  1197	149.569
  1198	149.831
  1199	149.954
  1200	149.961
  1201	149.853
  1202	149.614
  1203	149.219
  1204	148.646
  1205	147.895
  1206	146.991
  1207	145.987
  1208	144.951
  1209	143.95
  1210	143.04
  1211	142.243
  1212	141.553
  1213	140.936
  1214	140.351
  1215	139.767
  1216	139.175
  1217	138.592
  1218	138.062
  1219	137.636
  1220	137.362
  1221	137.266
  1222	137.347
  1223	137.58
  1224	137.918
  1225	138.312
  1226	138.715
  1227	139.094
  1228	139.431
  1229	139.723
  1230	139.972
  1231	140.183
  1232	140.361
  1233	140.506
  1234	140.616
  1235	140.684
  1236	140.707
  1237	140.684
  1238	140.624
  1239	140.547
  1240	140.473
  1241	140.428
  1242	140.424
  1243	140.463
  1244	140.531
  1245	140.606
  1246	140.658
  1247	140.664
  1248	140.609
  1249	140.483
  1250	140.282
  1251	140.001
  1252	139.635
  1253	139.18
  1254	138.643
  1255	138.036
  1256	137.386
  1257	136.725
  1258	136.088
  1259	135.498
  1260	134.967
  1261	134.493
  1262	134.07
  1263	133.697
  1264	133.387
  1265	133.169
  1266	133.075
  1267	133.128
  1268	133.33
  1269	133.656
  1270	134.057
  1271	134.472
  1272	134.844
  1273	135.133
  1274	135.326
  1275	135.441
  1276	135.523
  1277	135.628
  1278	135.812
  1279	136.119
  1280	136.564
  1281	137.136
  1282	137.798
  1283	138.492
  1284	139.161
  1285	139.752
  1286	140.234
  1287	140.599
  1288	140.862
  1289	141.045
  1290	141.17
  1291	141.242
  1292	141.246
  1293	141.15
  1294	140.919
  1295	140.525
  1296	139.961
  1297	139.247
  1298	138.428
  1299	137.561
  1300	136.71
  1301	135.93
  1302	135.257
  1303	134.707
  1304	134.277
  1305	133.953
  1306	133.721
  1307	133.567
  1308	133.482
  1309	133.458
  1310	133.488
  1311	133.559
  1312	133.659
  1313	133.773
  1314	133.893
  1315	134.01
  1316	134.125
  1317	134.236
  1318	134.34
  1319	134.431
  1320	134.498
  1321	134.532
  1322	134.528
  1323	134.489
  1324	134.426
  1325	134.354
  1326	134.286
  1327	134.228
  1328	134.175
  1329	134.118
  1330	134.043
  1331	133.936
  1332	133.791
  1333	133.608
  1334	133.404
  1335	133.203
  1336	133.04
  1337	132.946
  1338	132.944
  1339	133.038
  1340	133.21
  1341	133.424
  1342	133.634
  1343	133.8
  1344	133.894
  1345	133.915
  1346	133.878
  1347	133.81
  1348	133.737
  1349	133.668
  1350	133.589
  1351	133.468
  1352	133.263
  1353	132.939
  1354	132.478
  1355	131.895
  1356	131.23
  1357	130.547
  1358	129.917
  1359	129.402
  1360	129.043
  1361	128.849
  1362	128.8
  1363	128.858
  1364	128.978
  1365	129.124
  1366	129.274
  1367	129.428
  1368	129.598
  1369	129.803
  1370	130.058
  1371	130.363
  1372	130.707
  1373	131.069
  1374	131.423
  1375	131.751
  1376	132.045
  1377	132.31
  1378	132.567
  1379	132.84
  1380	133.156
  1381	133.533
  1382	133.976
  1383	134.474
  1384	135.002
  1385	135.526
  1386	136.01
  1387	136.418
  1388	136.725
  1389	136.915
  1390	136.98
  1391	136.928
  1392	136.774
  1393	136.542
  1394	136.256
  1395	135.943
  1396	135.621
  1397	135.301
  1398	134.98
  1399	134.651
  1400	134.297
  1401	133.906
  1402	133.47
  1403	132.99
  1404	132.48
  1405	131.957
  1406	131.435
  1407	130.916
  1408	130.388
  1409	129.822
  1410	129.182
  1411	128.442
  1412	127.6
  1413	126.681
  1414	125.743
  1415	124.87
  1416	124.149
  1417	123.649
  1418	123.406
  1419	123.41
  1420	123.613
  1421	123.938
  1422	124.307
  1423	124.656
  1424	124.947
  1425	125.168
  1426	125.328
  1427	125.436
  1428	125.496
  1429	125.49
  1430	125.388
  1431	125.146
  1432	124.726
  1433	124.109
  1434	123.3
  1435	122.339
  1436	121.295
  1437	120.256
  1438	119.318
  1439	118.56
  1440	118.032
  1441	117.742
  1442	117.66
  1443	117.733
  1444	117.899
  1445	118.105
  1446	118.318
  1447	118.522
  1448	118.72
  1449	118.926
  1450	119.152
  1451	119.409
  1452	119.696
  1453	120.01
  1454	120.339
  1455	120.673
  1456	121.004
  1457	121.332
  1458	121.661
  1459	122.005
  1460	122.38
  1461	122.8
  1462	123.275
  1463	123.801
  1464	124.364
  1465	124.936
  1466	125.484
  1467	125.975
  1468	126.381
  1469	126.683
  1470	126.879
  1471	126.986
  1472	127.037
  1473	127.079
  1474	127.164
  1475	127.336
  1476	127.625
  1477	128.04
  1478	128.568
  1479	129.183
  1480	129.854
  1481	130.55
  1482	131.256
  1483	131.966
  1484	132.679
  1485	133.398
  1486	134.115
  1487	134.807
  1488	135.439
  1489	135.971
  1490	136.363
  1491	136.593
  1492	136.661
  1493	136.592
  1494	136.435
  1495	136.253
  1496	136.104
  1497	136.032
  1498	136.051
  1499	136.151
  1500	136.303
  1501	136.468
  1502	136.618
  1503	136.74
  1504	136.837
  1505	136.932
  1506	137.053
  1507	137.226
  1508	137.462
  1509	137.753
  1510	138.072
  1511	138.383
  1512	138.651
  1513	138.857
  1514	138.999
  1515	139.096
  1516	139.175
  1517	139.26
  1518	139.358
  1519	139.458
  1520	139.526
  1521	139.519
  1522	139.396
  1523	139.125
  1524	138.69
  1525	138.091
  1526	137.345
  1527	136.475
  1528	135.51
  1529	134.482
  1530	133.419
  1531	132.347
  1532	131.296
  1533	130.299
  1534	129.388
  1535	128.611
  1536	128.014
  1537	127.646
  1538	127.541
  1539	127.717
  1540	128.166
  1541	128.853
  1542	129.723
  1543	130.707
  1544	131.739
  1545	132.757
  1546	133.721
  1547	134.6
  1548	135.388
  1549	136.093
  1550	136.728
  1551	137.309
  1552	137.839
  1553	138.313
  1554	138.715
  1555	139.021
  1556	139.207
  1557	139.258
  1558	139.17
  1559	138.952
  1560	138.625
  1561	138.217
  1562	137.759
  1563	137.281
  1564	136.805
  1565	136.343
  1566	135.897
  1567	135.464
  1568	135.041
  1569	134.634
  1570	134.266
  1571	133.979
  1572	133.829
  1573	133.879
  1574	134.178
  1575	134.747
  1576	135.566
  1577	136.582
  1578	137.71
  1579	138.865
  1580	139.97
  1581	140.976
  1582	141.862
  1583	142.63
  1584	143.298
  1585	143.888
  1586	144.416
  1587	144.885
  1588	145.284
  1589	145.586
  1590	145.767
  1591	145.812
  1592	145.722
  1593	145.521
  1594	145.255
  1595	144.981
  1596	144.757
  1597	144.622
  1598	144.588
  1599	144.637
  1600	144.729
  1601	144.813
  1602	144.846
  1603	144.8
  1604	144.668
  1605	144.465
  1606	144.219
  1607	143.963
  1608	143.723
  1609	143.513
  1610	143.332
  1611	143.169
  1612	143.008
  1613	142.836
  1614	142.653
  1615	142.469
  1616	142.3
  1617	142.166
  1618	142.078
  1619	142.037
  1620	142.03
  1621	142.031
  1622	142.008
  1623	141.93
  1624	141.769
  1625	141.507
  1626	141.139
  1627	140.675
  1628	140.14
  1629	139.567
  1630	138.998
  1631	138.473
  1632	138.026
  1633	137.673
  1634	137.418
  1635	137.251
  1636	137.151
  1637	137.098
  1638	137.073
  1639	137.066
  1640	137.074
  1641	137.096
  1642	137.135
  1643	137.192
  1644	137.262
  1645	137.339
  1646	137.415
  1647	137.484
  1648	137.546
  1649	137.612
  1650	137.7
  1651	137.842
  1652	138.069
  1653	138.412
  1654	138.886
  1655	139.488
  1656	140.195
  1657	140.966
  1658	141.751
  1659	142.506
  1660	143.194
  1661	143.791
  1662	144.294
  1663	144.709
  1664	145.052
  1665	145.34
  1666	145.582
  1667	145.782
  1668	145.928
  1669	146.005
  1670	145.997
  1671	145.892
  1672	145.69
  1673	145.407
  1674	145.067
  1675	144.704
  1676	144.347
  1677	144.016
  1678	143.715
  1679	143.429
  1680	143.134
  1681	142.803
  1682	142.413
  1683	141.954
  1684	141.429
  1685	140.856
  1686	140.26
  1687	139.672
  1688	139.12
  1689	138.627
  1690	138.208
  1691	137.869
  1692	137.614
  1693	137.438
  1694	137.337
  1695	137.305
  1696	137.337
  1697	137.426
  1698	137.561
  1699	137.729
  1700	137.916
  1701	138.104
  1702	138.281
  1703	138.439
  1704	138.575
  1705	138.696
  1706	138.813
  1707	138.937
  1708	139.074
  1709	139.223
  1710	139.371
  1711	139.496
  1712	139.576
  1713	139.589
  1714	139.521
  1715	139.364
  1716	139.116
  1717	138.776
  1718	138.345
  1719	137.826
  1720	137.223
  1721	136.541
  1722	135.785
  1723	134.966
  1724	134.095
  1725	133.184
  1726	132.249
  1727	131.31
  1728	130.394
  1729	129.54
  1730	128.793
  1731	128.2
  1732	127.798
  1733	127.613
  1734	127.644
  1735	127.865
  1736	128.224
  1737	128.659
  1738	129.104
  1739	129.502
  1740	129.817
  1741	130.039
  1742	130.176
  1743	130.254
  1744	130.302
  1745	130.344
  1746	130.39
  1747	130.439
  1748	130.48
  1749	130.497
  1750	130.484
  1751	130.446
  1752	130.4
  1753	130.375
  1754	130.4
  1755	130.494
  1756	130.658
  1757	130.87
  1758	131.087
  1759	131.256
  1760	131.326
  1761	131.261
  1762	131.052
  1763	130.715
  1764	130.295
  1765	129.85
  1766	129.439
  1767	129.109
  1768	128.885
  1769	128.771
  1770	128.758
  1771	128.834
  1772	128.993
  1773	129.239
  1774	129.588
  1775	130.055
  1776	130.649
  1777	131.36
  1778	132.16
  1779	133
  1780	133.821
  1781	134.566
  1782	135.19
  1783	135.671
  1784	136.012
  1785	136.236
  1786	136.381
  1787	136.494
  1788	136.613
  1789	136.765
  1790	136.955
  1791	137.167
  1792	137.374
  1793	137.548
  1794	137.667
  1795	137.723
  1796	137.723
  1797	137.685
  1798	137.631
  1799	137.581
  1800	137.546
  1801	137.522
  1802	137.497
  1803	137.451
  1804	137.365
  1805	137.234
  1806	137.067
  1807	136.893
  1808	136.759
  1809	136.719
  1810	136.825
  1811	137.105
  1812	137.562
  1813	138.166
  1814	138.865
  1815	139.596
  1816	140.301
  1817	140.933
  1818	141.467
  1819	141.899
  1820	142.238
  1821	142.508
  1822	142.739
  1823	142.959
  1824	143.188
  1825	143.437
  1826	143.703
  1827	143.974
  1828	144.237
  1829	144.48
  1830	144.706
  1831	144.928
  1832	145.171
  1833	145.464
  1834	145.831
  1835	146.276
  1836	146.779
  1837	147.297
  1838	147.771
  1839	148.143
  1840	148.364
  1841	148.407
  1842	148.27
  1843	147.976
  1844	147.561
  1845	147.066
  1846	146.528
  1847	145.966
  1848	145.391
  1849	144.801
  1850	144.197
  1851	143.592
  1852	143.012
  1853	142.501
  1854	142.109
  1855	141.884
  1856	141.86
  1857	142.044
  1858	142.415
  1859	142.931
  1860	143.534
  1861	144.17
  1862	144.797
  1863	145.392
  1864	145.947
  1865	146.467
  1866	146.957
  1867	147.411
  1868	147.807
  1869	148.106
  1870	148.26
  1871	148.227
  1872	147.979
  1873	147.513
  1874	146.847
  1875	146.018
  1876	145.075
  1877	144.063
  1878	143.027
  1879	142
  1880	141.003
  1881	140.048
  1882	139.144
  1883	138.303
  1884	137.543
  1885	136.888
  1886	136.371
  1887	136.022
  1888	135.868
  1889	135.921
  1890	136.177
  1891	136.608
  1892	137.174
  1893	137.819
  1894	138.489
  1895	139.134
  1896	139.718
  1897	140.217
  1898	140.623
  1899	140.946
  1900	141.2
  1901	141.402
  1902	141.563
  1903	141.681
  1904	141.739
  1905	141.713
  1906	141.571
  1907	141.294
  1908	140.88
  1909	140.349
  1910	139.745
  1911	139.12
  1912	138.521
  1913	137.978
  1914	137.501
  1915	137.072
  1916	136.661
  1917	136.236
  1918	135.774
  1919	135.272
  1920	134.747
  1921	134.233
  1922	133.777
  1923	133.425
  1924	133.209
  1925	133.143
  1926	133.218
  1927	133.405
  1928	133.664
  1929	133.956
  1930	134.256
  1931	134.559
  1932	134.882
  1933	135.256
  1934	135.708
  1935	136.25
  1936	136.87
  1937	137.529
  1938	138.173
  1939	138.745
  1940	139.205
  1941	139.532
  1942	139.737
  1943	139.849
  1944	139.914
  1945	139.973
  1946	140.058
  1947	140.178
  1948	140.318
  1949	140.443
  1950	140.514
  1951	140.491
  1952	140.355
  1953	140.108
  1954	139.779
  1955	139.414
  1956	139.067
  1957	138.781
  1958	138.583
  1959	138.476
  1960	138.445
  1961	138.467
  1962	138.525
  1963	138.615
  1964	138.754
  1965	138.973
  1966	139.314
  1967	139.808
  1968	140.47
  1969	141.285
  1970	142.21
  1971	143.181
  1972	144.126
  1973	144.985
  1974	145.71
  1975	146.281
  1976	146.696
  1977	146.971
  1978	147.127
  1979	147.184
  1980	147.153
  1981	147.03
  1982	146.806
  1983	146.467
  1984	146.001
  1985	145.406
  1986	144.692
  1987	143.878
  1988	142.997
  1989	142.089
  1990	141.19
  1991	140.331
  1992	139.528
  1993	138.779
  1994	138.068
  1995	137.367
  1996	136.648
  1997	135.892
  1998	135.1
  1999	134.298
  2000	133.532
  2001	132.865
